32#	Number	of	sensors
#x	z			
0	0.06			
0.1	0.15			
0.15	0.2			
0.24	0.22			
0.36	0.22			
0.43	0.19			
0.51	0.13			
0.57	0.04			
0.74	0.04			
0.82	0.12			
0.93	0.19			
1	0.23			
1.1	0.22			
1.19	0.17			
1.24	0.11			
1.33	0.02			
1.5	0.02			
1.56	0.11			
1.63	0.15			
1.68	0.2			
1.85	0.21			
1.93	0.15			
2	0.1			
2.08	0.04			
2.22	0.05			
2.33	0.12			
2.39	0.2			
2.46	0.25			
2.59	0.26			
2.66	0.2			
2.72	0.13			
2.79	0.04			
1342#	Number	of	data					
#a	b	m	n	R	err			
1	2	3	4	-219.3269 0.081254
1	2	4	5	-182.3256 0.104898
1	2	5	6	-40.81335 0.020313
1	2	6	7	-20.86336 0.013112
1	2	7	8	-10.83793 0.004146
1	2	8	9	-4.054626 0.001795
1	2	9	10	-0.405149 0.000158
1	2	10	11	-0.261407 0.000091
1	3	5	7	-161.9965 0.044999
1	3	7	9	-33.71959 -0.000703
1	3	9	11	-1.362796 0.0000000
1	3	11	13	-2.474859 0.000703
1	3	13	15	-0.723958 -0.000000
1	3	15	17	-0.696152 0.000175
1	3	17	19	-0.239571 0.0000000
1	3	19	21	-0.229981 0.0000000
2	3	4	5	-449.7082 0.188910
2	3	5	6	-68.67133 0.040900
2	3	6	7	-31.75390 0.011806
2	3	7	8	-14.15845 0.008348
2	3	8	9	-4.668284 0.002333
2	3	9	10	-0.429907 0.000225
2	3	10	11	-0.266475 0.000184
2	3	11	12	-0.521307 0.000368
1	4	7	10	-86.16077 0.021238
1	4	10	13	-6.599990 0.0000000
1	4	13	16	-2.281740 0.000663
1	4	16	19	-1.262398 0.0000000
1	4	19	22	-0.646581 0.000165
1	4	22	25	-0.622607 0.0000000
1	4	25	28	-0.236072 0.000058
1	4	28	31	-0.235295 0.000058
2	4	6	8	-184.3513 -0.016129
2	4	8	10	-17.80166 0.003801
2	4	10	12	-2.628617 0.005820
2	4	12	14	-2.995833 0.003360
2	4	14	16	-1.281284 0.003098
2	4	16	18	-0.789573 0.000628
2	4	18	20	-0.335341 0.000187
2	4	20	22	-0.319794 0.0000000
3	4	5	6	-251.7558 0.177650
3	4	6	7	-99.62814 0.029608
3	4	7	8	-38.87020 0.023407
3	4	8	9	-11.66739 0.004532
3	4	9	10	-1.032873 0.000400
3	4	10	11	-0.630967 0.000327
3	4	11	12	-1.217117 0.000462
3	4	12	13	-1.744692 0.000654
1	5	9	13	-19.80663 -0.000131
1	5	13	17	-6.675492 0.005583
1	5	17	21	-2.055330 0.000527
1	5	21	25	-1.653861 0.0000000
1	5	25	29	-0.703016 -0.000000
2	5	8	11	-56.86539 -0.000565
2	5	11	14	-12.48094 -0.000035
2	5	14	17	-4.725002 0.002263
2	5	17	20	-1.335732 0.000632
2	5	20	23	-1.203922 0.0000000
2	5	23	26	-0.897175 0.000282
2	5	26	29	-0.452460 0.000316
2	5	29	32	-0.323492 0.000255
3	5	7	9	-220.3025 0.286930
3	5	9	11	-6.020842 0.004009
3	5	11	13	-9.970355 0.006709
3	5	13	15	-2.720576 0.003414
3	5	15	17	-2.504834 0.002372
3	5	17	19	-0.812802 0.000708
3	5	19	21	-0.770370 0.000501
3	5	21	23	-0.626084 0.000613
4	5	6	7	-424.1384 0.111386
4	5	7	8	-136.2431 0.141990
4	5	8	9	-33.80482 0.017052
4	5	9	10	-2.765036 0.001507
4	5	10	11	-1.596681 0.000753
4	5	11	12	-2.940681 0.001230
4	5	12	13	-4.069122 0.001945
4	5	13	14	-0.738326 0.000532
2	6	10	14	-27.55760 0.0000000
2	6	14	18	-8.834646 -0.000007
2	6	18	22	-2.598814 0.0000000
2	6	22	26	-2.046490 -0.000000
2	6	26	30	-0.915868 0.000358
3	6	9	12	-21.37148 -0.000072
3	6	12	15	-15.84359 0.004642
3	6	15	18	-5.231816 0.001160
3	6	18	21	-1.931533 0.000410
3	6	21	24	-1.588413 0.0000000
3	6	24	27	-0.928558 0.000205
3	6	27	30	-0.651486 0.0000000
4	6	8	10	-108.1478 0.032766
4	6	10	12	-11.13871 0.002896
4	6	12	14	-10.79354 0.002896
4	6	14	16	-4.271428 0.001448
4	6	16	18	-2.485831 0.001023
4	6	18	20	-0.999492 0.000362
4	6	20	22	-0.940888 0.0000000
4	6	22	24	-0.909207 0.0000000
5	6	7	8	-431.2359 0.550103
5	6	8	9	-66.99487 0.031831
5	6	9	10	-4.592351 0.001624
5	6	10	11	-2.490946 0.001148
5	6	11	12	-4.113338 0.001624
5	6	12	13	-5.120900 0.001989
5	6	13	14	-0.862583 0.000351
5	6	14	15	-1.318124 0.0000000
3	7	11	15	-32.37261 -0.000419
3	7	15	19	-7.657189 0.001679
3	7	19	23	-3.028154 0.0000000
3	7	23	27	-1.888864 0.000419
3	7	27	31	-0.997868 0.0000000
4	7	10	13	-29.23724 -0.000186
4	7	13	16	-8.025538 -0.000011
4	7	16	19	-4.122973 0.001495
4	7	19	22	-1.935626 0.0000000
4	7	22	25	-1.792137 0.0000000
4	7	25	28	-0.648019 0.0000000
4	7	28	31	-0.650405 0.0000000
5	7	9	11	-13.50430 0.011199
5	7	11	13	-16.02763 0.011199
5	7	13	15	-3.651669 0.003024
5	7	15	17	-3.323776 0.002424
5	7	17	19	-1.011437 0.000756
5	7	19	21	-0.905306 0.000534
5	7	21	23	-0.722546 0.000534
5	7	23	25	-0.714904 0.000534
6	7	8	9	-73.73082 0.061738
6	7	9	10	-4.278720 0.002552
6	7	10	11	-2.125901 0.001670
6	7	11	12	-3.130397 0.001181
6	7	12	13	-3.640890 0.002728
6	7	13	14	-0.574411 0.000638
6	7	14	15	-0.895232 0.000964
6	7	15	16	-0.669826 0.000743
4	8	12	16	-34.18859 0.0000000
4	8	16	20	-7.183070 0.002081
4	8	20	24	-3.537617 0.0000000
4	8	24	28	-1.657757 0.0000000
4	8	28	32	-1.088087 0.000260
5	8	11	14	-35.30448 0.015976
5	8	14	17	-10.40381 0.002305
5	8	17	20	-2.471326 0.000998
5	8	20	23	-1.994393 0.000815
5	8	23	26	-1.418686 0.000706
5	8	26	29	-0.680581 0.000203
5	8	29	32	-0.492379 0.000381
6	8	10	12	-19.88755 0.014938
6	8	12	14	-14.01657 0.011977
6	8	14	16	-5.081246 0.004889
6	8	16	18	-2.725740 0.002117
6	8	18	20	-0.971199 0.000705
6	8	20	22	-0.859075 0.000748
6	8	22	24	-0.819077 0.000808
6	8	24	26	-0.521050 0.000499
7	8	9	10	-16.97956 0.010361
7	8	10	11	-6.602104 0.003916
7	8	11	12	-8.031503 0.001958
7	8	12	13	-8.475358 0.004796
7	8	13	14	-1.337221 0.000599
7	8	14	15	-2.029167 0.001295
7	8	15	16	-1.494197 0.000915
7	8	16	17	-1.361209 0.000692
5	9	13	17	-34.83866 0.008300
5	9	17	21	-6.392758 0.001467
5	9	21	25	-4.094739 0.001467
5	9	25	29	-1.506392 0.0000000
6	9	12	15	-65.69664 0.046196
6	9	15	18	-15.11048 0.010185
6	9	18	21	-3.593272 0.002357
6	9	21	24	-2.515508 0.001666
6	9	24	27	-1.313980 0.000962
6	9	27	30	-0.857362 0.000538
7	9	11	13	-94.15357 0.0000000
7	9	13	15	-15.81575 0.004867
7	9	15	17	-12.06302 -0.000076
7	9	17	19	-2.543943 0.0000000
7	9	19	21	-1.933735 0.000430
7	9	21	23	-1.382675 0.0000000
7	9	23	25	-1.273405 0.000430
7	9	25	27	-0.453695 0.0000000
8	9	10	11	-53.93104 0.097074
8	9	11	12	-41.32109 0.040716
8	9	12	13	-36.31603 0.037364
8	9	13	14	-5.040580 0.004670
8	9	14	15	-7.417037 0.008089
8	9	15	16	-5.248569 0.005720
8	9	16	17	-3.960954 0.004209
8	9	17	18	-1.014467 0.001130
6	10	14	18	-41.95689 0.026737
6	10	18	22	-5.855033 0.003051
6	10	22	26	-3.573083 0.002363
6	10	26	30	-1.328575 0.000682
7	10	13	16	-40.87517 0.0000000
7	10	16	19	-12.06670 0.0000000
7	10	19	22	-3.556889 0.000851
7	10	22	25	-2.713798 -0.000007
7	10	25	28	-0.808743 0.000212
7	10	28	31	-0.769340 0.0000000
8	10	12	14	-96.17533 0.045014
8	10	14	16	-25.48840 0.007957
8	10	16	18	-8.674663 0.003978
8	10	18	20	-2.306992 0.000861
8	10	20	22	-1.720126 0.000497
8	10	22	24	-1.433472 0.000497
8	10	24	26	-0.800178 0.000248
8	10	26	28	-0.336381 0.000087
9	10	11	12	-99.03184 0.132966
9	10	12	13	-49.27304 0.069625
9	10	13	14	-5.518728 0.008037
9	10	14	15	-7.653224 0.011752
9	10	15	16	-5.169907 0.008175
9	10	16	17	-3.061599 0.004893
9	10	17	18	-0.639207 0.001103
9	10	18	19	-0.506944 0.000834
7	11	15	19	-38.19140 0.012864
7	11	19	23	-6.138213 0.001608
7	11	23	27	-2.865393 0.000804
7	11	27	31	-1.222876 0.000492
8	11	14	17	-58.81291 0.016672
8	11	17	20	-5.888968 0.002552
8	11	20	23	-3.567838 0.0000000
8	11	23	26	-2.015855 0.0000000
8	11	26	29	-0.768817 -0.000000
8	11	29	32	-0.528403 0.0000000
9	11	13	15	-37.44307 0.026007
9	11	15	17	-21.00517 0.018389
9	11	17	19	-2.602305 0.002027
9	11	19	21	-1.743638 0.001149
9	11	21	23	-1.077227 0.001180
9	11	23	25	-0.883973 0.000877
9	11	25	27	-0.253351 0.000224
9	11	27	29	-0.249083 0.000179
10	11	12	13	-143.6791 0.060202
10	11	13	14	-10.76594 0.005949
10	11	14	15	-13.57972 0.009954
10	11	15	16	-8.585557 0.006239
10	11	16	17	-4.223566 0.004100
10	11	17	18	-0.805941 0.000879
10	11	18	19	-0.653608 0.000576
10	11	19	20	-0.476913 0.000352
8	12	16	20	-35.36180 0.0000000
8	12	20	24	-8.059922 -0.000028
8	12	24	28	-2.557096 0.0000000
8	12	28	32	-1.356438 0.000448
9	12	15	18	-66.92107 0.022944
9	12	18	21	-7.368593 0.0000000
9	12	21	24	-3.807055 0.001013
9	12	24	27	-1.544250 0.0000000
9	12	27	30	-0.815534 -0.000000
10	12	14	16	-100.7803 0.041407
10	12	16	18	-20.09017 0.020703
10	12	18	20	-4.267237 0.003423
10	12	20	22	-2.813937 0.001829
10	12	22	24	-2.094606 0.001649
10	12	24	26	-1.034746 0.000970
10	12	26	28	-0.384940 0.000302
10	12	28	30	-0.462662 0.000302
11	12	13	14	-42.61189 0.0000000
11	12	14	15	-49.28922 0.013176
11	12	15	16	-29.41908 0.016138
11	12	16	17	-12.71525 0.009317
11	12	17	18	-2.371327 0.001540
11	12	18	19	-1.832829 0.001164
11	12	19	20	-1.314167 0.000770
11	12	20	21	-1.320738 0.000291
9	13	17	21	-34.89069 0.013788
9	13	21	25	-12.56163 0.004874
9	13	25	29	-2.819045 0.001218
10	13	16	19	-92.17734 0.240030
10	13	19	22	-15.11188 0.016986
10	13	22	25	-8.559827 0.009608
10	13	25	28	-1.838832 0.002123
10	13	28	31	-1.572560 0.001531
11	13	15	17	-288.5509 0.512886
11	13	17	19	-19.48310 0.024141
11	13	19	21	-11.04705 0.012070
11	13	21	23	-6.023118 0.007060
11	13	23	25	-4.567714 0.005272
11	13	25	27	-1.205068 0.001384
11	13	27	29	-1.114013 0.001271
11	13	29	31	-0.739303 0.000713
12	13	14	15	-546.0140 0.580349
12	13	15	16	-192.2078 0.286116
12	13	16	17	-54.40473 0.140480
12	13	17	18	-8.751945 0.010686
12	13	18	19	-6.530939 0.007706
12	13	19	20	-4.439249 0.004779
12	13	20	21	-3.970614 0.004406
12	13	21	22	-2.092319 0.002448
10	14	18	22	-29.73622 0.0000000
10	14	22	26	-11.08009 0.002733
10	14	26	30	-2.720200 0.0000000
11	14	17	20	-32.14997 0.022957
11	14	20	23	-13.84588 0.007738
11	14	23	26	-6.329553 0.003460
11	14	26	29	-1.926906 0.000865
11	14	29	32	-1.246094 0.000529
12	14	16	18	-88.85976 0.226828
12	14	18	20	-14.73850 0.008934
12	14	20	22	-7.909360 0.004467
12	14	22	24	-5.449195 0.003775
12	14	24	26	-2.496198 0.001462
12	14	26	28	-0.865065 0.000516
12	14	28	30	-1.007149 0.000422
12	14	30	32	-0.519079 0.000258
13	14	15	16	-130.8900 0.150062
13	14	16	17	-22.88022 0.047383
13	14	17	18	-3.133390 0.003154
13	14	18	19	-2.288709 0.002230
13	14	19	20	-1.481870 0.001353
13	14	20	21	-1.215233 0.001023
13	14	21	22	-0.624469 0.000511
13	14	22	23	-0.683670 0.000599
11	15	19	23	-29.13007 -0.000196
11	15	23	27	-9.134306 0.0000000
11	15	27	31	-2.801657 0.000786
12	15	18	21	-30.29855 0.015803
12	15	21	24	-11.73526 0.005587
12	15	24	27	-4.137845 0.001975
12	15	27	30	-1.925455 0.0000000
13	15	17	19	-17.26460 0.021950
13	15	19	21	-8.183320 0.009145
13	15	21	23	-3.856726 0.004386
13	15	23	25	-2.712554 0.003101
13	15	25	27	-0.642261 0.000723
13	15	27	29	-0.570537 0.000604
13	15	29	31	-0.374018 0.000352
14	15	16	17	-59.70321 0.216563
14	15	17	18	-6.943874 0.005629
14	15	18	19	-4.887566 0.004450
14	15	19	20	-3.039902 0.002225
14	15	20	21	-2.446270 0.001861
14	15	21	22	-1.227933 0.001055
14	15	22	23	-1.325538 0.001166
14	15	23	24	-1.012998 0.000786
12	16	20	24	-24.99775 -0.000348
12	16	24	28	-5.876647 0.001394
12	16	28	32	-2.570475 0.000697
13	16	19	22	-16.69161 0.011178
13	16	22	25	-7.514698 0.006453
13	16	25	28	-1.380719 0.001067
13	16	28	31	-1.115565 0.000855
14	16	18	20	-16.58112 0.008920
14	16	20	22	-7.188593 0.005150
14	16	22	24	-4.463125 0.003641
14	16	24	26	-1.903916 0.001365
14	16	26	28	-0.613899 0.000425
14	16	28	30	-0.691362 0.000359
14	16	30	32	-0.352137 0.000197
15	16	17	18	-11.88168 0.010970
15	16	18	19	-5.526002 0.005485
15	16	19	20	-3.155809 0.002974
15	16	20	21	-2.373616 0.001881
15	16	21	22	-1.163969 0.001103
15	16	22	23	-1.214956 0.001152
15	16	23	24	-0.917032 0.000814
15	16	24	25	-0.684709 0.000665
13	17	21	25	-43.72782 0.0000000
13	17	25	29	-5.459534 -0.000007
14	17	20	23	-55.59240 0.0000000
14	17	23	26	-17.07138 0.003619
14	17	26	29	-3.380876 0.0000000
14	17	29	32	-1.949370 0.0000000
15	17	19	21	-70.24155 0.048926
15	17	21	23	-23.49917 0.017298
15	17	23	25	-13.64422 0.010233
15	17	25	27	-2.371065 0.001674
15	17	27	29	-1.876291 0.001279
15	17	29	31	-1.148133 0.000764
16	17	18	19	-87.62353 0.131140
16	17	19	20	-39.94798 0.055797
16	17	20	21	-24.69875 0.036017
16	17	21	22	-10.72361 0.016392
16	17	22	23	-10.38124 0.015521
16	17	23	24	-7.183779 0.010322
16	17	24	25	-4.849889 0.007533
16	17	25	26	-1.188639 0.001764
14	18	22	26	-72.99923 0.019627
14	18	26	30	-7.565906 0.002453
15	18	21	24	-91.99618 0.020779
15	18	24	27	-17.85721 0.0000000
15	18	27	30	-4.955410 0.001298
16	18	20	22	-147.0385 0.168765
16	18	22	24	-51.65010 0.070599
16	18	24	26	-15.04516 0.022125
16	18	26	28	-3.169993 0.004567
16	18	28	30	-3.096457 0.003666
16	18	30	32	-1.465981 0.001895
17	18	19	20	-200.6044 0.182302
17	18	20	21	-85.25874 0.068903
17	18	21	22	-26.37152 0.027909
17	18	22	23	-21.49444 0.023587
17	18	23	24	-12.55973 0.012555
17	18	24	25	-7.502780 0.009135
17	18	25	26	-1.491677 0.001864
17	18	26	27	-0.955994 0.001076
15	19	23	27	-66.25555 0.0000000
15	19	27	31	-8.595294 -0.000024
16	19	22	25	-120.0555 0.078439
16	19	25	28	-9.381106 0.008005
16	19	28	31	-5.851609 0.003744
17	19	21	23	-123.7977 0.160315
17	19	23	25	-45.02999 0.059446
17	19	25	27	-5.173969 0.007259
17	19	27	29	-3.570149 0.004752
17	19	29	31	-1.997108 0.002627
18	19	20	21	-202.6987 0.125675
18	19	21	22	-44.92452 0.038480
18	19	22	23	-31.02684 0.028681
18	19	23	24	-16.03893 0.014340
18	19	24	25	-8.917410 0.009620
18	19	25	26	-1.671110 0.001922
18	19	26	27	-1.051902 0.001060
18	19	27	28	-0.800637 0.000896
16	20	24	28	-55.21833 0.033754
16	20	28	32	-11.01135 0.005967
17	20	23	26	-106.1017 0.087491
17	20	26	29	-10.57039 0.008025
17	20	29	32	-5.045708 0.004421
18	20	22	24	-170.6351 0.166311
18	20	24	26	-31.91387 0.034331
18	20	26	28	-5.114240 0.004829
18	20	28	30	-4.457856 0.003674
18	20	30	32	-1.986531 0.001837
19	20	21	22	-177.3532 0.272970
19	20	22	23	-86.90439 0.132410
19	20	23	24	-36.60628 0.054266
19	20	24	25	-18.23782 0.029549
19	20	25	26	-3.071788 0.004852
19	20	26	27	-1.865602 0.002687
19	20	27	28	-1.393409 0.001969
19	20	28	29	-1.731817 0.002586
17	21	25	29	-31.94728 0.009509
18	21	24	27	-83.87595 0.086297
18	21	27	30	-14.01318 0.010787
19	21	23	25	-187.1812 0.274055
19	21	25	27	-14.51861 0.021780
19	21	27	29	-8.703387 0.012239
19	21	29	31	-4.459783 0.007176
20	21	22	23	-334.4449 0.185860
20	21	23	24	-92.85770 0.065711
20	21	24	25	-39.42507 0.038526
20	21	25	26	-6.026434 0.004591
20	21	26	27	-3.562242 0.002295
20	21	27	28	-2.528198 0.001452
20	21	28	29	-3.046610 0.002716
20	21	29	30	-1.773409 0.001257
18	22	26	30	-31.80886 0.008296
19	22	25	28	-31.77811 0.032837
19	22	28	31	-15.00522 0.014219
20	22	24	26	-103.2016 0.119108
20	22	26	28	-12.61162 0.009847
20	22	28	30	-9.621995 0.007444
20	22	30	32	-4.009758 0.003481
21	22	23	24	-153.1638 0.104175
21	22	24	25	-50.93986 0.053915
21	22	25	26	-6.805225 0.006960
21	22	26	27	-3.874298 0.003891
21	22	27	28	-2.649358 0.003480
21	22	28	29	-3.061454 0.001230
21	22	29	30	-1.731253 0.0000000
21	22	30	31	-0.974611 0.000486
19	23	27	31	-37.65216 0.028453
20	23	26	29	-37.90581 0.031782
20	23	29	32	-14.23989 0.010403
21	23	25	27	-33.90108 0.037141
21	23	27	29	-16.81175 0.016239
21	23	29	31	-7.678323 0.006369
22	23	24	25	-141.5635 0.183712
22	23	25	26	-15.12923 0.011752
22	23	26	27	-8.080145 0.005602
22	23	27	28	-5.284646 0.003961
22	23	28	29	-5.812075 0.003543
22	23	29	30	-3.175016 0.001771
22	23	30	31	-1.788921 0.001328
22	23	31	32	-1.739016 0.001171
20	24	28	32	-42.41826 0.0000000
21	24	27	30	-41.05197 0.020118
22	24	26	28	-33.30171 0.020687
22	24	28	30	-20.82422 0.009251
22	24	30	32	-7.949793 0.005171
23	24	25	26	-26.46222 0.021374
23	24	26	27	-12.42163 0.008383
23	24	27	28	-7.497282 0.005545
23	24	28	29	-7.766870 0.005133
23	24	29	30	-4.075446 0.002566
23	24	30	31	-2.257618 0.001656
23	24	31	32	-2.162432 0.001283
22	25	28	31	-81.00054 0.0000000
23	25	27	29	-89.18248 0.063580
23	25	29	31	-28.49357 0.017412
24	25	26	27	-91.89340 0.143924
24	25	27	28	-39.91093 0.039237
24	25	28	29	-34.12623 0.026453
24	25	29	30	-14.43427 0.011830
24	25	30	31	-7.755116 0.006936
24	25	31	32	-6.783040 0.005727
23	26	29	32	-94.67063 0.052300
24	26	28	30	-159.2107 0.056100
24	26	30	32	-42.72166 -0.001239
25	26	27	28	-112.5173 0.115226
25	26	28	29	-81.74201 0.070561
25	26	29	30	-29.05459 0.027580
25	26	30	31	-15.68444 0.011760
25	26	31	32	-12.47744 0.010600
25	27	29	31	-111.1532 0.055906
26	27	28	29	-193.1156 0.138930
26	27	29	30	-42.59600 0.030079
26	27	30	31	-23.80313 0.014179
26	27	31	32	-15.41243 0.011757
26	28	30	32	-107.6154 0.034880
27	28	29	30	-77.27270 0.168983
27	28	30	31	-45.29302 0.032782
27	28	31	32	-23.08349 0.055757
28	29	30	31	-212.1514 0.179343
28	29	31	32	-105.1465 0.115765
29	30	31	32	-208.5043 0.364632
1	4	2	3	657.4607 0.242278
2	5	3	4	706.1847 -0.062492
3	6	4	5	1336.901 -0.188000
1	7	3	5	416.7037 0.101340
4	7	5	6	919.1033 0.0000000
2	8	4	6	493.8193 -0.037646
5	8	6	7	687.9334 -0.119256
3	9	5	7	261.8745 0.101762
6	9	7	8	698.5234 0.461441
1	10	4	7	197.9979 0.0000000
4	10	6	8	301.8042 0.0000000
7	10	8	9	366.4240 0.166017
2	11	5	8	202.6941 0.0000000
5	11	7	9	416.4481 0.153421
8	11	9	10	205.2462 0.158261
3	12	6	9	228.3551 0.061714
6	12	8	10	282.7812 0.105367
9	12	10	11	253.4934 0.067705
1	13	5	9	136.9894 0.0000000
4	13	7	10	179.3545 0.042451
7	13	9	11	89.73722 0.063998
10	13	11	12	307.7065 0.524279
2	14	6	10	143.8857 -0.006222
5	14	8	11	148.6125 0.0000000
8	14	10	12	171.1260 -0.015184
11	14	12	13	1088.875 0.367696
3	15	7	11	117.9556 0.0000000
6	15	9	12	111.0126 0.059943
9	15	11	13	465.5122 0.144764
12	15	13	14	234.6466 0.187719
1	16	6	11	86.73078 0.020937
4	16	8	12	91.40940 0.021412
7	16	10	13	165.1787 -0.009635
10	16	12	14	253.9687 0.149253
13	16	14	15	715.1245 0.876019
2	17	7	12	79.47759 0.033196
5	17	9	13	83.47260 0.026856
8	17	11	14	114.4394 0.052928
11	17	13	15	97.16007 0.043337
14	17	15	16	406.8119 0.346139
3	18	8	13	80.34054 0.021172
6	18	10	14	84.72303 0.043536
9	18	12	15	141.3999 0.047815
12	18	14	16	172.5322 0.080227
15	18	16	17	357.8281 0.358097
1	19	7	13	78.06645 0.016888
4	19	9	14	57.38489 0.012909
7	19	11	15	88.70528 0.036832
10	19	13	16	82.92192 0.084317
13	19	15	17	446.7470 0.245983
16	19	17	18	389.4016 0.493317
2	20	8	14	61.68602 0.017960
5	20	10	15	65.11092 0.026364
8	20	12	16	83.42691 0.056459
11	20	14	17	159.4184 0.090267
14	20	16	18	349.7055 0.270972
17	20	18	19	422.4814 0.656069
3	21	9	15	44.85987 0.011168
6	21	11	16	70.48672 0.030331
9	21	13	17	101.0451 0.109195
12	21	15	18	211.6514 0.163384
15	21	17	19	228.5718 0.246032
18	21	19	20	583.2724 0.528911
1	22	8	15	49.29715 0.013860
4	22	10	16	46.38043 0.010379
7	22	12	17	89.11456 0.039804
10	22	14	18	143.0652 0.064287
13	22	16	19	253.2431 0.085590
16	22	18	20	259.5305 0.306990
19	22	20	21	816.5290 0.543464
2	23	9	16	35.92002 -0.000424
5	23	11	17	67.87741 0.038294
8	23	13	18	81.51524 0.0000000
11	23	15	19	132.5882 -0.005707
14	23	17	20	171.1062 0.0000000
17	23	19	21	318.8603 0.159875
20	23	21	22	495.8538 0.332322
3	24	10	17	43.14305 0.012333
6	24	12	18	71.48208 0.048224
9	24	14	19	89.85987 0.032358
12	24	16	20	120.9878 0.036874
15	24	18	21	155.1712 0.044740
18	24	20	22	306.9385 0.200132
21	24	22	23	682.2308 0.652737
1	25	9	17	32.06527 -0.000564
4	25	11	18	44.35334 0.019617
7	25	13	19	47.45206 0.021771
10	25	15	20	74.70156 0.040478
13	25	17	21	95.37948 0.061267
16	25	19	22	97.75214 0.066410
19	25	21	23	231.1012 0.365370
22	25	23	24	393.5046 0.384253
2	26	10	18	35.68638 -0.000381
5	26	12	19	49.27135 0.019092
8	26	14	20	54.76631 0.011831
11	26	16	21	75.66124 0.027182
14	26	18	22	88.58430 0.0000000
17	26	20	23	141.8494 0.061406
20	26	22	24	311.5081 0.331742
23	26	24	25	487.0676 0.389987
3	27	11	19	38.42147 -0.000458
6	27	13	20	44.80639 0.032985
9	27	15	21	68.03153 0.015191
12	27	17	22	67.45289 0.028210
15	27	19	23	96.64073 0.024056
18	27	21	24	178.2107 0.0000000
21	27	23	25	403.1800 0.370310
24	27	25	26	334.3161 0.357331
1	28	10	19	32.96697 0.0000000
4	28	12	20	41.32120 0.0000000
7	28	14	21	51.92875 0.013673
10	28	16	22	66.34298 0.029844
13	28	18	23	88.74760 0.032699
16	28	20	24	99.30524 0.060822
19	28	22	25	257.5853 0.242868
22	28	24	26	392.2428 0.262352
25	28	26	27	422.4870 0.512237
2	29	11	20	34.23173 0.050448
5	29	13	21	39.22144 0.048709
8	29	15	22	49.55345 0.131110
11	29	17	23	56.39458 0.157795
14	29	19	24	83.03077 0.194582
17	29	21	25	138.4897 0.374407
20	29	23	26	266.8158 0.595662
23	29	25	27	239.2217 0.879601
26	29	27	28	358.1913 1.508102
3	30	12	21	34.69810 0.0000000
6	30	14	22	41.85442 0.026921
9	30	16	23	54.85000 0.013011
12	30	18	24	59.88203 0.017565
15	30	20	25	96.09589 0.031240
18	30	22	26	184.4896 0.0000000
21	30	24	27	246.5692 0.069953
24	30	26	28	222.4340 0.138616
27	30	28	29	712.6072 0.544425
1	31	11	21	31.39401 0.007867
4	31	13	22	31.17880 0.0000000
7	31	15	23	43.05675 -0.000431
10	31	17	24	49.56907 0.012876
13	31	19	25	83.85473 0.033617
16	31	21	26	102.4486 -0.004826
19	31	23	27	177.7441 0.134496
22	31	25	28	174.5031 0.044035
25	31	27	29	348.6550 0.275442
28	31	29	30	521.4048 0.0000000
2	32	12	22	30.13600 -0.000396
5	32	14	23	35.60473 0.023573
8	32	16	24	43.34561 0.012302
11	32	18	25	54.29684 0.012207
14	32	20	26	83.51631 -0.001589
17	32	22	27	115.9336 0.035594
20	32	24	28	157.0549 0.036159
23	32	26	29	175.7801 0.096255
26	32	28	30	394.0581 0.346479
29	32	30	31	404.8862 0.586445
3	4	1	2	-219.7508 0.083896
4	5	1	2	-183.0900 0.055900
4	5	2	3	-451.2413 0.158110
5	6	1	2	-40.60381 0.015935
5	6	2	3	-68.49919 0.0000000
5	6	3	4	-250.4399 0.104092
5	7	1	3	-161.7092 0.0000000
6	7	1	2	-20.78761 0.009080
6	7	2	3	-31.70394 0.014827
6	7	3	4	-98.92121 0.036320
6	7	4	5	-422.1696 0.237246
6	8	2	4	-183.2138 0.115175
7	8	1	2	-10.76981 0.004856
7	8	2	3	-14.08303 0.0000000
7	8	3	4	-38.50064 0.016824
7	8	4	5	-135.3289 0.038853
7	8	5	6	-431.2582 0.155414
7	9	1	3	-33.57824 0.012759
7	9	3	5	-218.9810 0.058933
8	9	1	2	-4.073195 -0.000008
8	9	2	3	-4.697359 0.001028
8	9	3	4	-11.69842 0.0000000
8	9	4	5	-33.87207 0.0000000
8	9	5	6	-67.17191 0.0000000
8	9	6	7	-74.24388 -0.006172
7	10	1	4	-85.52455 0.032653
8	10	2	4	-17.85931 -0.000128
8	10	4	6	-108.3830 0.023177
9	10	1	2	-0.406786 0.000211
9	10	2	3	-0.432299 0.000133
9	10	3	4	-1.036508 0.000377
9	10	4	5	-2.772050 0.001309
9	10	5	6	-4.606244 0.001851
9	10	6	7	-4.303361 0.002389
9	10	7	8	-17.03425 0.007405
8	11	2	5	-56.96535 0.015674
9	11	1	3	-1.367609 0.0000000
9	11	3	5	-6.033511 0.001476
9	11	5	7	-13.55107 0.002953
10	11	1	2	-0.262555 0.000289
10	11	2	3	-0.265962 0.000310
10	11	3	4	-0.629008 0.000717
10	11	4	5	-1.597747 0.001757
10	11	5	6	-2.496274 0.002796
10	11	6	7	-2.146683 0.002222
10	11	7	8	-6.645548 0.007258
10	11	8	9	-54.30780 0.066527
9	12	3	6	-21.27986 0.010709
10	12	2	4	-2.559759 0.001429
10	12	4	6	-11.07429 0.007004
10	12	6	8	-20.02676 0.012788
11	12	2	3	-0.506931 0.000306
11	12	3	4	-1.176646 0.000724
11	12	4	5	-2.883081 0.001341
11	12	5	6	-4.111895 0.001549
11	12	6	7	-3.176534 0.001095
11	12	7	8	-8.023519 0.003795
11	12	8	9	-41.44283 0.030361
11	12	9	10	-99.68118 0.293318
9	13	1	5	-19.74828 0.004814
10	13	1	4	-6.559119 0.005123
10	13	4	7	-29.30992 0.019321
11	13	1	3	-2.469825 0.002673
11	13	3	5	-9.930091 0.010304
11	13	5	7	-16.09002 0.018075
11	13	7	9	-94.58103 0.120982
12	13	3	4	-1.755486 0.001684
12	13	4	5	-4.079757 0.003368
12	13	5	6	-5.145913 0.004261
12	13	6	7	-3.674987 0.002818
12	13	7	8	-8.515722 0.007681
12	13	8	9	-36.62230 0.036155
12	13	9	10	-50.70737 0.034088
12	13	10	11	-141.7328 0.107796
10	14	2	6	-27.56421 0.005895
11	14	2	5	-12.46558 -0.000056
11	14	5	8	-35.40384 -0.000451
12	14	2	4	-3.026926 0.002066
12	14	4	6	-10.84966 0.006750
12	14	6	8	-14.07982 0.008267
12	14	8	10	-97.79678 0.101026
13	14	4	5	-0.748057 0.000518
13	14	5	6	-0.864092 0.000898
13	14	6	7	-0.569295 0.001681
13	14	7	8	-1.333978 0.001797
13	14	8	9	-5.056482 0.004911
13	14	9	10	-5.612495 0.004732
13	14	10	11	-10.65030 0.005870
13	14	11	12	-42.44643 0.037861
11	15	3	7	-32.43905 0.008922
12	15	3	6	-15.95984 0.004332
12	15	6	9	-66.13451 -0.003063
13	15	1	3	-0.741240 0.001379
13	15	3	5	-2.765341 0.005208
13	15	5	7	-3.628714 0.002417
13	15	7	9	-15.86313 0.017140
13	15	9	11	-37.51734 0.038674
14	15	5	6	-1.320736 0.000997
14	15	6	7	-0.897640 0.000839
14	15	7	8	-2.028313 0.001909
14	15	8	9	-7.451027 0.005640
14	15	9	10	-7.772652 0.004605
14	15	10	11	-13.44951 0.011280
14	15	11	12	-49.28031 0.039076
14	15	12	13	-545.9431 0.389898
12	16	4	8	-34.26777 0.016133
13	16	1	4	-2.346722 0.002139
13	16	4	7	-8.023622 0.003961
13	16	7	10	-41.30835 0.009148
14	16	2	4	-1.297668 0.001645
14	16	4	6	-4.289631 0.0000000
14	16	6	8	-5.089554 0.006850
14	16	8	10	-25.78376 0.013164
14	16	10	12	-100.8489 0.030401
15	16	6	7	-0.671787 0.000686
15	16	7	8	-1.496847 0.001373
15	16	8	9	-5.279384 0.004669
15	16	9	10	-5.245133 0.003426
15	16	10	11	-8.501734 0.007551
15	16	11	12	-29.43862 0.026414
15	16	12	13	-191.9499 0.149420
15	16	13	14	-131.4745 0.058607
13	17	1	5	-6.684566 0.002825
13	17	5	9	-34.98635 -0.000499
14	17	2	5	-4.728421 0.0000000
14	17	5	8	-10.44230 0.0000000
14	17	8	11	-58.95431 -0.001550
15	17	1	3	-0.699235 0.000839
15	17	3	5	-2.505619 0.003100
15	17	5	7	-3.328791 0.001410
15	17	7	9	-12.09664 0.007977
15	17	9	11	-20.97428 0.015954
15	17	11	13	-287.8278 0.233032
16	17	7	8	-1.359084 0.001840
16	17	8	9	-3.961098 0.005206
16	17	9	10	-3.077201 0.003607
16	17	10	11	-4.162383 0.005509
16	17	11	12	-12.63181 0.015303
16	17	12	13	-53.99657 0.062338
16	17	13	14	-22.74811 0.028249
16	17	14	15	-59.50110 0.060070
14	18	2	6	-8.880097 -0.000027
14	18	6	10	-42.26299 0.021961
15	18	3	6	-5.237820 0.001274
15	18	6	9	-15.14560 0.003603
15	18	9	12	-66.83151 0.0000000
16	18	2	4	-0.789957 0.001207
16	18	4	6	-2.486211 0.003227
16	18	6	8	-2.727637 0.003291
16	18	8	10	-8.712541 0.010646
16	18	10	12	-19.99870 0.025300
16	18	12	14	-88.80703 0.103289
17	18	8	9	-1.020340 0.001455
17	18	9	10	-0.647038 0.000955
17	18	10	11	-0.802839 0.001324
17	18	11	12	-2.385271 0.003585
17	18	12	13	-8.779682 0.013330
17	18	13	14	-3.154143 0.005241
17	18	14	15	-6.965291 0.011844
17	18	15	16	-11.85712 0.016468
15	19	3	7	-7.654325 0.0000000
15	19	7	11	-38.21746 -0.000409
16	19	1	4	-1.263176 0.001191
16	19	4	7	-4.116297 0.003370
16	19	7	10	-12.10883 0.009922
16	19	10	13	-91.85549 0.062272
17	19	1	3	-0.240032 0.000430
17	19	3	5	-0.810325 0.001443
17	19	5	7	-1.009842 0.001059
17	19	7	9	-2.550230 0.003396
17	19	9	11	-2.613048 0.003490
17	19	11	13	-19.57288 0.025217
17	19	13	15	-17.35670 0.022646
18	19	9	10	-0.512878 0.000597
18	19	10	11	-0.649200 0.000878
18	19	11	12	-1.841302 0.002216
18	19	12	13	-6.549389 0.007467
18	19	13	14	-2.301521 0.002579
18	19	14	15	-4.906531 0.006062
18	19	15	16	-5.516028 0.006166
18	19	16	17	-87.15640 0.095314
16	20	4	8	-7.173150 0.003266
16	20	8	12	-35.21840 0.007544
17	20	2	5	-1.330934 0.001145
17	20	5	8	-2.467071 0.001870
17	20	8	11	-5.882983 0.004319
17	20	11	14	-32.20118 0.024432
18	20	2	4	-0.334952 0.000485
18	20	4	6	-0.993473 0.001266
18	20	6	8	-0.964201 0.001097
18	20	8	10	-2.303004 0.002832
18	20	10	12	-4.223091 0.006102
18	20	12	14	-14.72810 0.016342
18	20	14	16	-16.63115 0.020270
19	20	10	11	-0.462917 0.000722
19	20	11	12	-1.284186 0.002232
19	20	12	13	-4.377095 0.004280
19	20	13	14	-1.478165 0.001641
19	20	14	15	-3.008918 0.003026
19	20	15	16	-3.136437 0.002936
19	20	16	17	-39.79761 0.035237
19	20	17	18	-190.7554 0.105058
17	21	1	5	-2.053291 0.000845
17	21	5	9	-6.405709 0.002927
17	21	9	13	-34.95751 0.009560
18	21	3	6	-1.932216 0.001914
18	21	6	9	-3.592131 0.002854
18	21	9	12	-7.382165 0.008467
18	21	12	15	-30.29881 0.023949
19	21	1	3	-0.233160 0.000378
19	21	3	5	-0.769382 0.001167
19	21	5	7	-0.906149 0.001286
19	21	7	9	-1.937308 0.002860
19	21	9	11	-1.738420 0.002720
19	21	11	13	-11.00262 0.014556
19	21	13	15	-8.153779 0.011440
19	21	15	17	-70.22141 0.111197
20	21	11	12	-1.329885 0.001338
20	21	12	13	-3.986540 0.003786
20	21	13	14	-1.224939 0.001780
20	21	14	15	-2.465261 0.003150
20	21	15	16	-2.381479 0.002827
20	21	16	17	-24.93073 0.026567
20	21	17	18	-84.84351 0.067210
20	21	18	19	-205.0916 0.082315
18	22	2	6	-2.600263 0.0000000
18	22	6	10	-5.871974 -0.000008
18	22	10	14	-29.72477 0.008280
19	22	1	4	-0.649429 0.000684
19	22	4	7	-1.934238 0.001730
19	22	7	10	-3.566860 0.002998
19	22	10	13	-15.04393 0.011306
19	22	13	16	-16.67433 0.012641
20	22	2	4	-0.324912 0.000319
20	22	4	6	-0.944482 0.000962
20	22	6	8	-0.861798 0.000841
20	22	8	10	-1.730477 0.001808
20	22	10	12	-2.798332 0.006193
20	22	12	14	-7.937574 0.005602
20	22	14	16	-7.251270 0.003734
20	22	16	18	-146.9695 0.119509
21	22	12	13	-2.094373 0.001384
21	22	13	14	-0.631948 0.000409
21	22	14	15	-1.237483 0.001026
21	22	15	16	-1.166854 0.000928
21	22	16	17	-10.76774 0.009591
21	22	17	18	-26.32910 0.024263
21	22	18	19	-45.97499 0.019811
21	22	19	20	-176.5789 0.220607
19	23	3	7	-3.026442 0.002648
19	23	7	11	-6.135065 0.004187
19	23	11	15	-29.04846 0.021188
20	23	2	5	-1.203791 0.001275
20	23	5	8	-2.001261 0.002256
20	23	8	11	-3.576451 0.007597
20	23	11	14	-13.87560 0.016203
20	23	14	17	-55.89306 0.024071
21	23	3	5	-0.626339 0.000635
21	23	5	7	-0.723688 0.000679
21	23	7	9	-1.385436 0.001663
21	23	9	11	-1.077505 0.002688
21	23	11	13	-6.014722 0.010754
21	23	13	15	-3.872371 0.009412
21	23	15	17	-23.53752 0.018824
21	23	17	19	-125.7074 0.106489
22	23	13	14	-0.686298 0.000167
22	23	14	15	-1.329432 0.000671
22	23	15	16	-1.212221 0.000750
22	23	16	17	-10.40332 0.006002
22	23	17	18	-21.42069 0.009299
22	23	18	19	-31.77672 -0.000237
22	23	19	20	-85.94557 0.037196
22	23	20	21	-333.7613 0.0000000
20	24	4	8	-3.542267 0.001452
20	24	8	12	-8.120589 0.011976
20	24	12	16	-25.04406 0.017428
21	24	3	6	-1.587654 0.000775
21	24	6	9	-2.517060 0.001343
21	24	9	12	-3.803060 0.001096
21	24	12	15	-11.74042 0.006936
21	24	15	18	-91.90270 0.060786
22	24	4	6	-0.909793 0.000613
22	24	6	8	-0.820371 0.000677
22	24	8	10	-1.436545 0.001155
22	24	10	12	-2.086024 0.001916
22	24	12	14	-5.441691 0.003467
22	24	14	16	-4.465788 0.003467
22	24	16	18	-51.53509 0.036989
22	24	18	20	-170.4103 0.110969
23	24	14	15	-1.012396 0.000687
23	24	15	16	-0.912004 0.000643
23	24	16	17	-7.180798 0.004765
23	24	17	18	-12.50993 0.007278
23	24	18	19	-16.34080 0.0000000
23	24	19	20	-36.23560 0.022008
23	24	20	21	-92.95416 0.038120
23	24	21	22	-153.1238 0.076241
21	25	1	5	-1.653651 0.000398
21	25	5	9	-4.105916 0.001128
21	25	9	13	-12.56168 0.003191
21	25	13	17	-43.83989 0.012765
22	25	1	4	-0.624440 0.0000000
22	25	4	7	-1.795043 0.000865
22	25	7	10	-2.727262 0.000865
22	25	10	13	-8.563869 0.002447
22	25	13	16	-7.555310 0.002997
22	25	16	19	-121.3750 0.039163
23	25	5	7	-0.717779 0.000633
23	25	7	9	-1.280133 0.001141
23	25	9	11	-0.886669 0.000866
23	25	11	13	-4.581756 0.003798
23	25	13	15	-2.729871 0.002610
23	25	15	17	-13.70132 0.012911
23	25	17	19	-45.64593 0.035086
23	25	19	21	-187.5725 0.162057
24	25	15	16	-0.689413 0.000828
24	25	16	17	-4.912293 0.005889
24	25	17	18	-7.578730 0.008866
24	25	18	19	-9.194437 0.009123
24	25	19	20	-18.31757 0.021930
24	25	20	21	-40.00333 0.046321
24	25	21	22	-51.60267 0.064369
24	25	22	23	-143.2232 0.175442
22	26	2	6	-2.050791 -0.000001
22	26	6	10	-3.586839 -0.000003
22	26	10	14	-11.09004 -0.000029
22	26	14	18	-73.11666 -0.001875
23	26	2	5	-0.897508 0.000347
23	26	5	8	-1.423043 0.000491
23	26	8	11	-2.021338 0.000850
23	26	11	14	-6.348882 0.001964
23	26	14	17	-17.13869 0.006806
23	26	17	20	-106.5239 0.031437
24	26	6	8	-0.523795 0.000414
24	26	8	10	-0.807958 0.000649
24	26	10	12	-1.039800 0.000859
24	26	12	14	-2.516606 0.001719
24	26	14	16	-1.918702 0.001591
24	26	16	18	-15.17983 0.011624
24	26	18	20	-32.27199 0.023249
24	26	20	22	-104.4615 0.072035
25	26	16	17	-1.195550 0.001277
25	26	17	18	-1.498008 0.001587
25	26	18	19	-1.706749 0.001491
25	26	19	20	-3.068852 0.002982
25	26	20	21	-6.075734 0.006160
25	26	21	22	-6.860903 0.007545
25	26	22	23	-15.22133 0.016871
25	26	23	24	-26.57789 0.027550
23	27	3	7	-1.889660 0.000823
23	27	7	11	-2.872689 0.001164
23	27	11	15	-9.156631 0.002329
23	27	15	19	-66.93512 0.0000000
24	27	3	6	-0.932253 0.000244
24	27	6	9	-1.320717 0.0000000
24	27	9	12	-1.552388 0.000346
24	27	12	15	-4.166162 0.001385
24	27	15	18	-17.99388 0.006785
24	27	18	21	-84.76599 0.0000000
25	27	7	9	-0.453743 0.000458
25	27	9	11	-0.252737 0.000280
25	27	11	13	-1.202460 0.001148
25	27	13	15	-0.642331 0.000670
25	27	15	17	-2.370237 0.002296
25	27	17	19	-5.212824 0.004379
25	27	19	21	-14.52203 0.011752
25	27	21	23	-33.88295 0.030345
26	27	17	18	-0.948500 0.000941
26	27	18	19	-1.058646 0.000854
26	27	19	20	-1.836564 0.001769
26	27	20	21	-3.537651 0.003030
26	27	21	22	-3.834136 0.003418
26	27	22	23	-7.994279 0.007965
26	27	23	24	-12.31305 0.010963
26	27	24	25	-90.24968 0.068567
24	28	4	8	-1.665072 -0.000000
24	28	8	12	-2.572114 -0.000001
24	28	12	16	-5.914093 0.0000000
24	28	16	20	-55.73349 -0.001666
25	28	1	4	-0.237191 0.000142
25	28	4	7	-0.646642 0.000215
25	28	7	10	-0.811010 0.000305
25	28	10	13	-1.839076 0.000431
25	28	13	16	-1.381729 0.000431
25	28	16	19	-9.438020 -0.000026
25	28	19	22	-31.80398 0.006902
26	28	8	10	-0.338299 0.000202
26	28	10	12	-0.384950 0.000225
26	28	12	14	-0.865399 0.000494
26	28	14	16	-0.613335 0.000349
26	28	16	18	-3.160723 0.001807
26	28	18	20	-5.089532 0.002555
26	28	20	22	-12.58877 0.009143
26	28	22	24	-33.14468 0.024191
27	28	18	19	-0.813229 0.000504
27	28	19	20	-1.380958 0.000797
27	28	20	21	-2.532757 0.001886
27	28	21	22	-2.661636 0.002254
27	28	22	23	-5.287040 0.004729
27	28	23	24	-7.497448 0.006050
27	28	24	25	-39.53252 0.019760
27	28	25	26	-112.5549 0.107024
25	29	1	5	-0.705486 0.001326
25	29	5	9	-1.500303 0.002511
25	29	9	13	-2.816353 0.004724
25	29	13	17	-5.452166 0.009449
25	29	17	21	-31.96728 0.049846
26	29	2	5	-0.451471 0.000954
26	29	5	8	-0.676893 0.001338
26	29	8	11	-0.766294 0.001589
26	29	11	14	-1.921317 0.003818
26	29	14	17	-3.370600 0.006747
26	29	17	20	-10.53828 0.021217
26	29	20	23	-37.74383 0.076338
27	29	9	11	-0.250188 0.000629
27	29	11	13	-1.110622 0.002428
27	29	13	15	-0.568062 0.001294
27	29	15	17	-1.872915 0.004180
27	29	17	19	-3.584052 0.007894
27	29	19	21	-8.675878 0.019065
27	29	21	23	-16.75791 0.037638
27	29	23	25	-88.69665 0.172699
28	29	19	20	-1.718447 0.004896
28	29	20	21	-3.038339 0.008556
28	29	21	22	-3.042559 0.008589
28	29	22	23	-5.779906 0.016505
28	29	23	24	-7.729527 0.022144
28	29	24	25	-33.79150 0.091403
28	29	25	26	-82.44210 0.215626
28	29	26	27	-192.7205 0.570495
26	30	2	6	-0.921395 0.000226
26	30	6	10	-1.324346 -0.000000
26	30	10	14	-2.716521 -0.000001
26	30	14	18	-7.554965 -0.000042
26	30	18	22	-31.72838 -0.000907
27	30	3	6	-0.656149 0.000386
27	30	6	9	-0.852868 0.000423
27	30	9	12	-0.816237 0.000489
27	30	12	15	-1.923235 0.000978
27	30	15	18	-4.948684 0.002766
27	30	18	21	-14.00409 0.007824
27	30	21	24	-40.95296 0.024743
28	30	10	12	-0.461252 0.000253
28	30	12	14	-1.002027 0.000438
28	30	14	16	-0.686614 0.000358
28	30	16	18	-3.083686 0.001894
28	30	18	20	-4.444857 0.002025
28	30	20	22	-9.570360 0.004529
28	30	22	24	-20.69970 0.011458
28	30	24	26	-160.0741 0.064817
29	30	20	21	-1.779911 0.003827
29	30	21	22	-1.729076 0.003946
29	30	22	23	-3.166177 0.007240
29	30	23	24	-4.072036 0.009225
29	30	24	25	-14.34612 0.031882
29	30	25	26	-29.40241 0.065895
29	30	26	27	-42.80046 0.098141
29	30	27	28	-79.89951 0.218369
27	31	3	7	-0.996406 0.000289
27	31	7	11	-1.222624 0.000501
27	31	11	15	-2.799790 0.0000000
27	31	15	19	-8.627674 -0.000025
27	31	19	23	-37.55855 -0.000409
28	31	1	4	-0.237305 0.000124
28	31	4	7	-0.647289 0.000415
28	31	7	10	-0.768838 0.000496
28	31	10	13	-1.568764 0.001088
28	31	13	16	-1.110750 0.000769
28	31	16	19	-5.864497 0.004352
28	31	19	22	-14.93646 0.010052
28	31	22	25	-80.62731 0.0000000
29	31	11	13	-0.743905 0.001636
29	31	13	15	-0.376171 0.000832
29	31	15	17	-1.153765 0.002564
29	31	17	19	-2.016465 0.004274
29	31	19	21	-4.453112 0.009467
29	31	21	23	-7.670361 0.017546
29	31	23	25	-28.43825 0.060139
29	31	25	27	-112.0214 0.240557
30	31	21	22	-0.975337 0.000770
30	31	22	23	-1.789131 0.001480
30	31	23	24	-2.261042 0.001911
30	31	24	25	-7.707314 0.006838
30	31	25	26	-15.80972 0.013241
30	31	26	27	-23.66743 0.021624
30	31	27	28	-43.90928 0.064872
30	31	28	29	-212.1659 0.077364
28	32	4	8	-1.083171 0.000723
28	32	8	12	-1.353471 0.000971
28	32	12	16	-2.560065 0.001585
28	32	16	20	-10.99960 0.009336
28	32	20	24	-42.19599 0.023160
29	32	2	5	-0.326025 0.000599
29	32	5	8	-0.493121 0.001029
29	32	8	11	-0.530506 0.001062
29	32	11	14	-1.248503 0.002562
29	32	14	17	-1.951379 0.004084
29	32	17	20	-5.054741 0.010460
29	32	20	23	-14.20868 0.030172
29	32	23	26	-95.13960 0.192291
30	32	12	14	-0.517325 0.000334
30	32	14	16	-0.350330 0.000308
30	32	16	18	-1.461832 0.001036
30	32	18	20	-1.985240 0.001337
30	32	20	22	-3.991265 0.002806
30	32	22	24	-7.909430 0.006768
30	32	24	26	-42.65341 0.027075
30	32	26	28	-106.2103 0.104863
31	32	22	23	-1.714358 0.001829
31	32	23	24	-2.137490 0.002174
31	32	24	25	-6.653705 0.007100
31	32	25	26	-12.45105 0.013750
31	32	26	27	-15.35288 0.019119
31	32	27	28	-23.46710 0.043772
31	32	28	29	-103.1865 0.028403
31	32	29	30	-206.9477 0.080335
2	3	1	4	659.2817 0.213967
3	4	2	5	709.3990 0.0000000
3	5	1	7	419.8101 -0.040507
4	5	3	6	1338.961 0.455417
4	6	2	8	495.1064 0.131426
5	6	4	7	920.0699 0.881629
4	7	1	10	198.6328 0.095505
5	7	3	9	261.6152 0.0000000
6	7	5	8	687.8602 0.605493
5	8	2	11	202.4470 0.0000000
6	8	4	10	300.9208 0.156510
7	8	6	9	697.9890 -0.155361
5	9	1	13	137.0680 0.0000000
6	9	3	12	228.5642 0.174304
7	9	5	11	414.3327 -0.032224
8	9	7	10	367.1581 0.264395
6	10	2	14	143.9510 0.106967
7	10	4	13	179.0746 0.0000000
8	10	6	12	282.8834 0.0000000
9	10	8	11	205.8826 0.287999
6	11	1	16	86.79907 0.048274
7	11	3	15	117.5860 -0.013478
8	11	5	14	148.9399 0.031838
9	11	7	13	89.96452 0.053128
10	11	9	12	254.7518 0.291898
7	12	2	17	79.21329 0.018511
8	12	4	16	91.67368 0.023958
9	12	6	15	111.0315 0.044366
10	12	8	14	171.0442 0.141827
11	12	10	13	307.8536 0.101720
7	13	1	19	77.99442 -0.002133
8	13	3	18	80.46256 0.032686
9	13	5	17	83.53072 0.091382
10	13	7	16	165.8399 0.365316
11	13	9	15	464.5799 0.827727
12	13	11	14	1085.275 1.653795
8	14	2	20	61.71010 -0.001010
9	14	4	19	57.44589 0.0000000
10	14	6	18	84.78716 -0.002839
11	14	8	17	114.5300 0.106737
12	14	10	16	255.4433 0.285319
13	14	12	15	233.5389 0.310571
8	15	1	22	49.31730 0.012561
9	15	3	21	44.86030 0.010026
10	15	5	20	65.17071 0.029276
11	15	7	19	88.88297 0.049723
12	15	9	18	141.7225 0.060217
13	15	11	17	97.39501 0.121980
14	15	13	16	715.3834 0.451149
9	16	2	23	35.92752 -0.000847
10	16	4	22	46.41167 0.024858
11	16	6	21	70.51512 0.037648
12	16	8	20	83.67491 0.044947
13	16	10	19	83.39272 0.139522
14	16	12	18	172.9098 0.057688
15	16	14	17	406.2548 0.561994
9	17	1	25	32.07181 0.0000000
10	17	3	24	43.16642 0.022736
11	17	5	23	67.88633 0.042629
12	17	7	22	89.22609 0.048929
13	17	9	21	101.2423 0.115623
14	17	11	20	159.8976 0.099318
15	17	13	19	446.1446 0.651390
16	17	15	18	358.4369 0.515840
10	18	2	26	35.71965 0.0000000
11	18	4	25	44.37190 0.010501
12	18	6	24	71.54941 0.028229
13	18	8	23	81.61221 0.031582
14	18	10	22	143.6057 -0.006875
15	18	12	21	211.9778 0.191930
16	18	14	20	351.6985 0.458745
17	18	16	19	397.2480 0.504558
10	19	1	28	32.95309 0.008221
11	19	3	27	38.34112 0.022800
12	19	5	26	49.10419 0.020179
13	19	7	25	47.29719 0.022429
14	19	9	24	89.58258 0.027672
15	19	11	23	131.8945 0.084216
16	19	13	22	252.6707 0.451676
17	19	15	21	226.1646 0.345196
18	19	17	20	413.4944 0.397812
11	20	2	29	34.23667 0.009232
12	20	4	28	41.42269 0.017410
13	20	6	27	44.79587 0.026524
14	20	8	26	54.75460 0.024452
15	20	10	25	74.78045 0.060990
16	20	12	24	120.8756 0.133260
17	20	14	23	171.0200 0.202473
18	20	16	22	259.5580 0.365788
19	20	18	21	580.5463 0.711726
11	21	1	31	31.36136 0.013997
12	21	3	30	34.65961 0.018805
13	21	5	29	39.22141 0.026990
14	21	7	28	52.00378 0.030580
15	21	9	27	68.05360 0.066756
16	21	11	26	75.68205 0.103157
17	21	13	25	95.42899 0.109916
18	21	15	24	154.9248 0.204064
19	21	17	23	319.4446 0.605392
20	21	19	22	819.0988 0.536905
12	22	2	32	30.05433 0.0000000
13	22	4	31	31.12158 0.0000000
14	22	6	30	41.79473 0.012361
15	22	8	29	49.56504 0.011421
16	22	10	28	66.49032 0.036468
17	22	12	27	67.42392 0.026286
18	22	14	26	88.65122 0.052839
19	22	16	25	97.78000 0.116913
20	22	18	24	306.7565 0.295250
21	22	20	23	495.7053 0.488243
14	23	5	32	35.42977 -0.000386
15	23	7	31	42.95707 0.012435
16	23	9	30	54.72575 0.012454
17	23	11	29	56.40718 0.0000000
18	23	13	28	88.80992 0.020243
19	23	15	27	96.57107 0.161091
20	23	17	26	141.9381 0.148838
21	23	19	25	232.4732 0.193633
22	23	21	24	680.9742 0.415602
16	24	8	32	43.15973 0.0000000
17	24	10	31	49.48962 0.032461
18	24	12	30	59.77358 0.013357
19	24	14	29	83.08401 0.138041
20	24	16	28	99.61926 0.074715
21	24	18	27	178.2191 0.253459
22	24	20	26	311.7242 0.288461
23	24	22	25	394.6433 0.340397
18	25	11	32	54.02831 0.0000000
19	25	13	31	83.75167 0.141574
20	25	15	30	96.09895 0.058151
21	25	17	29	138.9246 0.150542
22	25	19	28	259.9644 0.174218
23	25	21	27	405.0155 0.361885
24	25	23	26	489.4360 0.830034
20	26	14	32	82.81030 0.0000000
21	26	16	31	102.1177 0.038808
22	26	18	30	184.3126 0.042581
23	26	20	29	267.8843 0.159112
24	26	22	28	394.1396 0.334623
25	26	24	27	334.3833 0.337168
22	27	17	32	114.6741 0.0000000
23	27	19	31	177.9060 0.090023
24	27	21	30	246.6665 0.094251
25	27	23	29	239.3432 0.252103
26	27	25	28	422.6717 0.384083
24	28	20	32	156.3458 0.229613
25	28	22	31	174.1379 0.083223
26	28	24	30	222.9914 0.051931
27	28	26	29	357.7337 0.291858
26	29	23	32	174.6533 0.354759
27	29	25	31	348.6042 0.759358
28	29	27	30	715.7906 1.285019
28	30	26	32	399.2216 0.090038
29	30	28	31	526.6517 0.821601
30	31	29	32	402.0527 0.193735