32#	Number	of	sensors
#x	z			
0	0.06			
0.1	0.15			
0.15	0.2			
0.24	0.22			
0.36	0.22			
0.43	0.19			
0.51	0.13			
0.57	0.04			
0.74	0.04			
0.82	0.12			
0.93	0.19			
1	0.23			
1.1	0.22			
1.19	0.17			
1.24	0.11			
1.33	0.02			
1.5	0.02			
1.56	0.11			
1.63	0.15			
1.68	0.2			
1.85	0.21			
1.93	0.15			
2	0.1			
2.08	0.04			
2.22	0.05			
2.33	0.12			
2.39	0.2			
2.46	0.25			
2.59	0.26			
2.66	0.2			
2.72	0.13			
2.79	0.04			
1342#	Number	of	data					
#a	b	m	n	R	err			
1	2	3	4	-218.9221 0.108395
1	2	4	5	-162.5960 0.114970
1	2	5	6	-33.41169 0.021423
1	2	6	7	-22.22382 0.014371
1	2	7	8	-11.12596 0.007185
1	2	8	9	-3.703089 0.002240
1	2	9	10	-0.307537 0.000211
1	2	10	11	-0.276439 0.000167
1	3	5	7	-134.6414 0.037365
1	3	7	9	-31.51588 0.0000000
1	3	9	11	-1.118621 0.000505
1	3	11	13	-2.412847 0.000825
1	3	13	15	-0.977482 0.000291
1	3	15	17	-0.787407 0.0000000
1	3	17	19	-0.309838 -0.000000
1	3	19	21	-0.228923 0.000103
2	3	4	5	-368.6367 0.0000000
2	3	5	6	-49.07242 0.016515
2	3	6	7	-29.95520 0.011677
2	3	7	8	-12.82921 0.005056
2	3	8	9	-3.846945 -0.000004
2	3	9	10	-0.280706 0.000335
2	3	10	11	-0.252479 0.000418
2	3	11	12	-0.467684 0.000763
1	4	7	10	-82.33923 0.0000000
1	4	10	13	-6.330172 0.0000000
1	4	13	16	-3.146217 -0.000002
1	4	16	19	-1.324664 0.0000000
1	4	19	22	-0.683162 0.000256
1	4	22	25	-0.768669 0.000296
1	4	25	28	-0.305093 0.000074
1	4	28	31	-0.248154 0.000104
2	4	6	8	-193.9971 -0.010093
2	4	8	10	-15.21475 -0.000039
2	4	10	12	-2.399947 0.0000000
2	4	12	14	-3.101926 0.0000000
2	4	14	16	-1.723734 -0.000000
2	4	16	18	-0.759591 0.0000000
2	4	18	20	-0.379876 0.0000000
2	4	20	22	-0.351768 0.000078
3	4	5	6	-222.2902 0.055244
3	4	6	7	-112.0715 0.0000000
3	4	7	8	-39.13093 0.009765
3	4	8	9	-10.40493 0.003452
3	4	9	10	-0.675655 0.000215
3	4	10	11	-0.598943 0.000215
3	4	11	12	-1.078809 0.0000000
3	4	12	13	-1.706068 0.000431
1	5	9	13	-16.45975 0.0000000
1	5	13	17	-7.447730 -0.000013
1	5	17	21	-2.130224 0.0000000
1	5	21	25	-1.880324 -0.000002
1	5	25	29	-0.775919 -0.000000
2	5	8	11	-45.08833 0.011062
2	5	11	14	-11.33912 -0.000030
2	5	14	17	-5.057356 -0.000007
2	5	17	20	-1.409100 -0.000000
2	5	20	23	-1.305159 0.0000000
2	5	23	26	-0.952084 0.0000000
2	5	26	29	-0.466285 -0.000000
2	5	29	32	-0.353642 0.0000000
3	5	7	9	-198.9390 0.243038
3	5	9	11	-4.242236 0.001074
3	5	11	13	-8.682008 0.002148
3	5	13	15	-3.223575 0.001860
3	5	15	17	-2.453498 0.001200
3	5	17	19	-0.920579 0.000379
3	5	19	21	-0.669476 0.000268
3	5	21	23	-0.745312 0.000268
4	5	6	7	-421.0561 -0.075216
4	5	7	8	-123.7190 0.122827
4	5	8	9	-26.04996 0.0000000
4	5	9	10	-1.600515 -0.000000
4	5	10	11	-1.366961 0.000391
4	5	11	12	-2.477858 0.000554
4	5	12	13	-3.413365 0.001108
4	5	13	14	-0.791048 0.000195
2	6	10	14	-24.86080 -0.000077
2	6	14	18	-8.874835 0.0000000
2	6	18	22	-2.541914 0.0000000
2	6	22	26	-2.209815 0.0000000
2	6	26	30	-0.903880 0.0000000
3	6	9	12	-16.64076 0.0000000
3	6	12	15	-14.79447 0.003499
3	6	15	18	-4.899104 0.0000000
3	6	18	21	-1.819141 0.0000000
3	6	21	24	-1.789351 0.0000000
3	6	24	27	-0.889693 0.000218
3	6	27	30	-0.634594 0.0000000
4	6	8	10	-86.53470 0.043098
4	6	10	12	-9.991180 0.004917
4	6	12	14	-9.362267 0.003809
4	6	14	16	-4.421345 0.001904
4	6	16	18	-1.966318 0.000549
4	6	18	20	-0.954150 0.000388
4	6	20	22	-0.853261 0.000194
4	6	22	24	-1.000222 -0.000000
5	6	7	8	-419.9831 1.307657
5	6	8	9	-56.19494 0.042049
5	6	9	10	-2.696417 -0.000000
5	6	10	11	-2.226583 0.001238
5	6	11	12	-3.921361 0.001958
5	6	12	13	-4.393513 0.002145
5	6	13	14	-0.763847 0.000536
5	6	14	15	-1.288604 0.000758
3	7	11	15	-31.22364 0.014960
3	7	15	19	-7.320933 0.004580
3	7	19	23	-3.009529 0.001870
3	7	23	27	-1.947231 0.000935
3	7	27	31	-0.993451 0.000618
4	7	10	13	-27.85184 0.0000000
4	7	13	16	-7.821490 -0.000010
4	7	16	19	-3.586554 -0.000002
4	7	19	22	-1.736443 0.0000000
4	7	22	25	-1.889768 -0.000001
4	7	25	28	-0.723083 -0.000000
4	7	28	31	-0.588889 0.0000000
5	7	9	11	-10.31850 0.005992
5	7	11	13	-16.05666 0.008474
5	7	13	15	-3.258953 0.001339
5	7	15	17	-2.842112 0.001498
5	7	17	19	-1.102703 0.000626
5	7	19	21	-0.766884 0.000290
5	7	21	23	-0.824690 0.000473
5	7	23	25	-0.707214 0.000374
6	7	8	9	-66.03850 0.056350
6	7	9	10	-3.076449 0.001839
6	7	10	11	-2.309489 0.001986
6	7	11	12	-3.952968 0.003358
6	7	12	13	-3.781539 0.002809
6	7	13	14	-0.388749 0.000132
6	7	14	15	-0.813182 0.000563
6	7	15	16	-0.641740 0.000459
4	8	12	16	-31.02536 -0.000163
4	8	16	20	-6.048222 -0.000005
4	8	20	24	-3.618418 -0.000002
4	8	24	28	-1.636038 0.0000000
4	8	28	32	-1.047772 0.000231
5	8	11	14	-33.18760 -0.000449
5	8	14	17	-9.168137 -0.000028
5	8	17	20	-2.432813 0.0000000
5	8	20	23	-2.004118 0.0000000
5	8	23	26	-1.422340 0.0000000
5	8	26	29	-0.671223 0.0000000
5	8	29	32	-0.509348 0.000112
6	8	10	12	-19.51257 0.015839
6	8	12	14	-12.51050 0.008554
6	8	14	16	-4.730151 0.003429
6	8	16	18	-2.151687 0.001512
6	8	18	20	-0.976944 0.000639
6	8	20	22	-0.807366 0.000639
6	8	22	24	-0.948593 0.000782
6	8	24	26	-0.507057 0.000428
7	8	9	10	-9.800006 0.005034
7	8	10	11	-5.613863 0.002055
7	8	11	12	-7.652161 0.0000000
7	8	12	13	-7.279469 0.002055
7	8	13	14	-1.071745 0.000363
7	8	14	15	-1.868154 0.000726
7	8	15	16	-1.413345 0.000363
7	8	16	17	-0.942360 0.000256
5	9	13	17	-29.35957 0.006619
5	9	17	21	-5.639137 0.0000000
5	9	21	25	-4.032261 0.0000000
5	9	25	29	-1.461899 0.0000000
6	9	12	15	-55.07116 0.045754
6	9	15	18	-12.38837 0.009667
6	9	18	21	-3.083701 0.002161
6	9	21	24	-2.603007 0.002022
6	9	24	27	-1.167804 0.000896
6	9	27	30	-0.789240 0.000573
7	9	11	13	-79.09978 -0.003937
7	9	13	15	-13.55982 0.003937
7	9	15	17	-9.679554 0.0000000
7	9	17	19	-2.382235 0.0000000
7	9	19	21	-1.387002 0.000347
7	9	21	23	-1.390986 0.0000000
7	9	23	25	-1.106455 0.000347
7	9	25	27	-0.433254 0.0000000
8	9	10	11	-42.52188 0.029725
8	9	11	12	-34.94419 0.021019
8	9	12	13	-29.27142 0.019187
8	9	13	14	-4.030001 0.002145
8	9	14	15	-6.595820 0.004290
8	9	15	16	-4.771985 0.003391
8	9	16	17	-2.552305 0.001695
8	9	17	18	-0.868196 0.000536
6	10	14	18	-35.85141 0.024652
6	10	18	22	-5.063496 0.003613
6	10	22	26	-3.494183 0.002882
6	10	26	30	-1.210391 0.000903
7	10	13	16	-35.79595 0.020761
7	10	16	19	-8.871245 0.004738
7	10	19	22	-2.717414 0.001498
7	10	22	25	-2.530189 0.001498
7	10	25	28	-0.795503 0.000529
7	10	28	31	-0.621354 0.000418
8	10	12	14	-76.96978 0.0000000
8	10	14	16	-22.90415 0.0000000
8	10	16	18	-5.930312 0.001465
8	10	18	20	-1.874680 -0.000002
8	10	20	22	-1.396851 0.000366
8	10	22	24	-1.392293 0.000366
8	10	24	26	-0.643084 0.000183
8	10	26	28	-0.311528 0.0000000
9	10	11	12	-73.91375 0.085609
9	10	12	13	-39.08357 0.052006
9	10	13	14	-4.513755 0.005720
9	10	14	15	-6.871269 0.009907
9	10	15	16	-4.651199 0.007005
9	10	16	17	-1.973976 0.002799
9	10	17	18	-0.534267 0.000838
9	10	18	19	-0.485813 0.000722
7	11	15	19	-33.86598 -0.000358
7	11	19	23	-5.296710 0.002029
7	11	23	27	-2.661540 0.0000000
7	11	27	31	-1.105974 0.000358
8	11	14	17	-54.21464 0.021322
8	11	17	20	-5.111781 0.001884
8	11	20	23	-3.398781 0.001538
8	11	23	26	-1.856828 0.000544
8	11	26	29	-0.693560 0.000272
8	11	29	32	-0.502497 0.000136
9	11	13	15	-36.00405 0.020984
9	11	15	17	-19.26333 0.016254
9	11	17	19	-2.571953 0.002271
9	11	19	21	-1.266196 0.001015
9	11	21	23	-1.254150 0.001173
9	11	23	25	-0.854973 0.000655
9	11	25	27	-0.266974 0.000207
9	11	27	29	-0.245871 0.000126
10	11	12	13	-130.1220 0.144515
10	11	13	14	-10.46117 0.009520
10	11	14	15	-14.19891 0.014749
10	11	15	16	-9.358494 0.012042
10	11	16	17	-3.302336 0.004168
10	11	17	18	-0.807941 0.001129
10	11	18	19	-0.745348 0.000971
10	11	19	20	-0.283531 0.000287
8	12	16	20	-27.41551 0.0000000
8	12	20	24	-8.488945 0.0000000
8	12	24	28	-2.447690 0.000705
8	12	28	32	-1.280397 0.000352
9	12	15	18	-63.06875 0.0000000
9	12	18	21	-6.433973 0.001661	
9	12	21	24	-4.639517 0.001174
9	12	24	27	-1.506798 0.000415
9	12	27	30	-0.837374 0.0000000
10	12	14	16	-105.5763 0.117978
10	12	16	18	-15.95900 0.025744
10	12	18	20	-3.665920 0.004257
10	12	20	22	-3.112097 0.004257
10	12	22	24	-2.592953 0.003317
10	12	24	26	-1.042015 0.001450
10	12	26	28	-0.450603 0.000611
10	12	28	30	-0.452566 0.000426
11	12	13	14	-41.65446 0.010989
11	12	14	15	-51.45883 0.026919
11	12	15	16	-30.74105 0.021979
11	12	16	17	-9.645921 0.009517
11	12	17	18	-2.224680 0.002329
11	12	18	19	-2.011658 0.001751
11	12	19	20	-0.626347 0.000343
11	12	20	21	-1.301822 0.001086
9	13	17	21	-28.20998 0.008133
9	13	21	25	-12.17922 0.004066
9	13	25	29	-2.682205 0.000718
10	13	16	19	-65.40842 0.120975
10	13	19	22	-11.15298 0.005136
10	13	22	25	-8.172909 0.005548
10	13	25	28	-1.870816 0.001172
10	13	28	31	-1.354796 0.0000000
11	13	15	17	-239.0252 0.451521
11	13	17	19	-17.11980 0.023773
11	13	19	21	-7.247407 0.008594
11	13	21	23	-6.090366 0.008405
11	13	23	25	-3.976787 0.005224
11	13	25	27	-1.152721 0.001519
11	13	27	29	-1.017321 0.000976
11	13	29	31	-0.665725 0.002046
12	13	14	15	-478.2358 0.559360
12	13	15	16	-164.9365 0.264043
12	13	16	17	-33.92369 0.088682
12	13	17	18	-6.720750 0.009643
12	13	18	19	-6.166857 0.008351	
12	13	19	20	-2.690862 0.003090
12	13	20	21	-2.627672 0.003221
12	13	21	22	-1.812583 0.002323
10	14	18	22	-25.59542 0.0000000
10	14	22	26	-10.67017 0.0000000
10	14	26	30	-2.332063 0.001584
11	14	17	20	-27.81995 0.020182
11	14	20	23	-11.85560 0.007568
11	14	23	26	-5.727650 0.003989
11	14	26	29	-1.624260 0.000772
11	14	29	32	-1.156176 0.000630
12	14	16	18	-61.96474 0.184637
12	14	18	20	-13.18614 0.010825
12	14	20	22	-5.636780 0.004317
12	14	22	24	-4.958309 0.004160
12	14	24	26	-2.034344 0.001998
12	14	26	28	-0.728382 0.000407
12	14	28	30	-0.759704 0.000706
12	14	30	32	-0.489367 0.000144
13	14	15	16	-159.8284 0.166462
13	14	16	17	-18.54584 0.045178
13	14	17	18	-3.045784 0.003210
13	14	18	19	-2.837639 0.002408
13	14	19	20	-1.487693 0.001269
13	14	20	21	-0.757862 0.000448
13	14	21	22	-0.434624 0.000245
13	14	22	23	-0.638411 0.000425
11	15	19	23	-24.13705 0.005560
11	15	23	27	-8.328262 0.0000000
11	15	27	31	-2.616428 0.0000000
12	15	18	21	-28.11051 0.016514
12	15	21	24	-10.82397 0.004767
12	15	24	27	-3.451477 0.001685
12	15	27	30	-1.750166 0.000595
13	15	17	19	-19.74162 0.034302
13	15	19	21	-7.171963 0.010847
13	15	21	23	-3.630081 0.005788
13	15	23	25	-2.529367 0.003671
13	15	25	27	-0.666937 0.000917	
13	15	27	29	-0.570196 0.000782
13	15	29	31	-0.364100 0.000547
14	15	16	17	-51.93509 0.267406
14	15	17	18	-7.229913 0.009539
14	15	18	19	-6.634596 0.008412
14	15	19	20	-3.069107 0.003179	
14	15	20	21	-1.859579 0.002026
14	15	21	22	-1.108407 0.001256
14	15	22	23	-1.448825 0.001638
14	15	23	24	-1.064099 0.001088
12	16	20	24	-21.56781 0.008637
12	16	24	28	-5.250144 0.0000000
12	16	28	32	-2.364072 0.001079
13	16	19	22	-15.02270 0.008470
13	16	22	25	-7.644702 0.005011
13	16	25	28	-1.526133 0.000885
13	16	28	31	-1.048068 0.000626
14	16	18	20	-20.57121 0.016074
14	16	20	22	-6.078092 0.004402
14	16	22	24	-4.930429 0.004018
14	16	24	26	-1.806871 0.001420
14	16	26	28	-0.686431 0.000502
14	16	28	30	-0.658557 0.000355
14	16	30	32	-0.408624 0.000275
15	16	17	18	-11.95621 0.013456
15	16	18	19	-7.723080 0.008041
15	16	19	20	-3.230605 0.003114
15	16	20	21	-1.970809 0.001871
15	16	21	22	-1.165060 0.000635
15	16	22	23	-1.418769 0.001468
15	16	23	24	-1.010877 0.000899
15	16	24	25	-0.619005 0.000661
13	17	21	25	-40.02259 0.0000000
13	17	25	29	-4.721858 0.001311
14	17	20	23	-47.21573 0.0000000
14	17	23	26	-14.63903 0.0000000
14	17	26	29	-2.804661 0.000833
14	17	29	32	-1.738363 0.0000000
15	17	19	21	-56.57319 0.028124
15	17	21	23	-22.45946 0.014062
15	17	23	25	-11.40643 0.004059
15	17	25	27	-1.974362 0.000878
15	17	27	29	-1.511612 0.000621
15	17	29	31	-0.905908 0.000358
16	17	18	19	-108.9880 0.153065
16	17	19	20	-32.98802 0.040587
16	17	20	21	-18.38474 0.022435
16	17	21	22	-9.824984 0.013316
16	17	22	23	-10.04502 0.013738
16	17	23	24	-6.308011 0.007932
16	17	24	25	-3.467330 0.004707
16	17	25	26	-0.978546 0.001336
14	18	22	26	-71.74157 0.0000000
14	18	26	30	-6.645190 0.002470
15	18	21	24	-93.07990 0.024705
15	18	24	27	-15.02192 0.0000000
15	18	27	30	-4.336309 -0.000012
16	18	20	22	-119.4525 0.114422
16	18	22	24	-52.49364 0.058869
16	18	24	26	-12.54824 0.015120
16	18	26	28	-2.863416 0.003302
16	18	28	30	-2.441067 0.002452
16	18	30	32	-1.395255 0.001593
17	18	19	20	-161.6312 0.220089
17	18	20	21	-64.08475 0.064099
17	18	21	22	-27.22173 0.031194
17	18	22	23	-23.16691 0.029410
17	18	23	24	-12.96617 0.015597
17	18	24	25	-6.596197 0.009190
17	18	25	26	-1.502216 0.002130
17	18	26	27	-0.861745 0.001052
15	19	23	27	-65.37257 0.0000000	
15	19	27	31	-8.036618 0.003112
16	19	22	25	-126.5597 0.102811
16	19	25	28	-9.217781 0.009336
16	19	28	31	-5.078959 0.004543
17	19	21	23	-140.1562 0.132376
17	19	23	25	-46.61448 0.051493
17	19	25	27	-5.256478 0.006295
17	19	27	29	-3.588060 0.003796
17	19	29	31	-2.022011 0.002225
18	19	20	21	-172.8278 0.105231
18	19	21	22	-52.95422 0.042420
18	19	22	23	-36.71261 0.035295
18	19	23	24	-18.25588 0.017150
18	19	24	25	-8.749398 0.010399
18	19	25	26	-1.848378 0.002143
18	19	26	27	-1.037775 0.000937
18	19	27	28	-0.972209 0.001039
16	20	24	28	-47.23416 0.028201
16	20	28	32	-9.744019 0.004317
17	20	23	26	-99.21063 0.059955
17	20	26	29	-9.306128 0.006703
17	20	29	32	-5.074021 0.003135
18	20	22	24	-169.4549 0.176654
18	20	24	26	-27.28035 0.033871
18	20	26	28	-4.568871 0.004638
18	20	28	30	-3.829483 0.003903
18	20	30	32	-2.073174 0.002220
19	20	21	22	-174.5267 0.248069
19	20	22	23	-81.69898 0.121423
19	20	23	24	-32.59484 0.043852
19	20	24	25	-14.12394 0.023040
19	20	25	26	-2.527814 0.004034
19	20	26	27	-1.356336 0.001769
19	20	27	28	-1.195882 0.001678
19	20	28	29	-1.262818 0.001769
17	21	25	29	-26.71344 0.014944
18	21	24	27	-66.20756 0.076649
18	21	27	30	-11.65339 0.010099
19	21	23	25	-152.8323 0.235579
19	21	25	27	-11.14999 0.018152
19	21	27	29	-6.726714 0.010306	
19	21	29	31	-3.552354 0.005205
20	21	22	23	-295.6799 0.281886
20	21	23	24	-76.84928 0.057539
20	21	24	25	-29.28446 0.032802
20	21	25	26	-4.740741 0.004824
20	21	26	27	-2.529481 0.001969
20	21	27	28	-2.204988 0.002274
20	21	28	29	-2.061331 0.001504
20	21	29	30	-1.386097 0.000804
18	22	26	30	-26.73068 -0.000237
19	22	25	28	-27.52375 0.022362
19	22	28	31	-11.22579 0.008292
20	22	24	26	-85.14591 0.099116
20	22	26	28	-11.28822 0.008499
20	22	28	30	-7.057677 0.005417
20	22	30	32	-3.567392 0.002810
21	22	23	24	-139.0018 0.127177
21	22	24	25	-44.72724 0.061275
21	22	25	26	-6.423320 0.007045
21	22	26	27	-3.462238 0.002708
21	22	27	28	-3.091271 0.002601
21	22	28	29	-2.232271 0.002859
21	22	29	30	-1.380916 0.001801
21	22	30	31	-0.749960 0.001011
19	23	27	31	-34.41895 0.013074
20	23	26	29	-35.65541 0.023898
20	23	29	32	-13.35922 0.007713
21	23	25	27	-34.42604 0.037980
21	23	27	29	-17.23509 0.016446
21	23	29	31	-6.919910 0.005814
22	23	24	25	-148.6810 0.226059
22	23	25	26	-16.35986 0.014892
22	23	26	27	-8.168743 0.005768
22	23	27	28	-6.775485 0.005522
22	23	28	29	-5.133126 0.003330
22	23	29	30	-3.108868 0.002039
22	23	30	31	-1.682285 0.001177
22	23	31	32	-2.230273 0.001557
20	24	28	32	-36.77924 0.015459
21	24	27	30	-39.63542 0.032976
22	24	26	28	-34.02938 0.027537
22	24	28	30	-17.85463 0.012142
22	24	30	32	-8.323031 0.005620
23	24	25	26	-24.48570 0.017019
23	24	26	27	-10.77283 0.006017
23	24	27	28	-8.292033 0.005034
23	24	28	29	-6.048978 0.003295
23	24	29	30	-3.572935 0.001647
23	24	30	31	-1.906365 0.000951
23	24	31	32	-2.494313 0.001165
22	25	28	31	-59.33720 0.0000000
23	25	27	29	-73.83028 0.041247
23	25	29	31	-21.21205 0.010311
24	25	26	27	-68.21086 0.119958
24	25	27	28	-37.32162 0.026494
24	25	28	29	-22.27243 0.011472
24	25	29	30	-10.42771 0.005236
24	25	30	31	-5.335724 0.003512
24	25	31	32	-6.411434 0.003702
23	26	29	32	-95.11044 0.0000000
24	26	28	30	-143.2000 0.103455
24	26	30	32	-45.44716 0.016931
25	26	27	28	-154.4158 0.194102
25	26	28	29	-79.25086 0.083308
25	26	29	30	-31.27965 0.035204
25	26	30	31	-15.92102 0.016228
25	26	31	32	-17.76615 0.013634
25	27	29	31	-105.4197 0.120950
26	27	28	29	-163.2967 0.199556
26	27	29	30	-38.93819 0.061879
26	27	30	31	-19.28714 0.017638
26	27	31	32	-18.79967 0.010938
26	28	30	32	-115.2067 0.083983
27	28	29	30	-87.59950 0.261027
27	28	30	31	-40.58421 0.023516
27	28	31	32	-36.49943 0.014873
28	29	30	31	-146.2592 0.150374
28	29	31	32	-87.58311 0.108356
29	30	31	32	-225.9183 0.262991
1	4	2	3	541.1612 0.406334
2	5	3	4	676.5489 -0.056783
3	6	4	5	1191.582 -0.216179
1	7	3	5	358.9541 0.079353
4	7	5	6	819.3728 0.0000000
2	8	4	6	409.1646 0.0000000
5	8	6	7	690.9795 -0.090122
3	9	5	7	217.4119 0.122623
6	9	7	8	650.0148 0.333345
1	10	4	7	161.0287 0.075123	
4	10	6	8	304.1982 0.078009
7	10	8	9	305.7684 0.0000000
2	11	5	8	177.2165 0.044544
5	11	7	9	365.1664 0.157230
8	11	9	10	153.5826 0.126070
3	12	6	9	203.2922 0.0000000
6	12	8	10	229.4840 0.056453
9	12	10	11	228.2726 -0.034532
1	13	5	9	111.8098 0.043138
4	13	7	10	159.5201 0.0000000
7	13	9	11	80.45102 0.043316
10	13	11	12	275.1662 0.368335
2	14	6	10	128.5163 -0.006323
5	14	8	11	127.2776 -0.002381	
8	14	10	12	170.3602 0.0000000
11	14	12	13	936.4761 0.0000000
3	15	7	11	103.1968 0.0000000	
6	15	9	12	101.7104 0.048575
9	15	11	13	393.1622 0.168897
12	15	13	14	255.8149 0.142929
1	16	6	11	72.46298 0.0000000
4	16	8	12	76.91786 0.0000000
7	16	10	13	131.6025 0.0000000
10	16	12	14	199.0623 0.075808
13	16	14	15	644.4957 1.031248
2	17	7	12	71.25340 0.0000000
5	17	9	13	71.98202 0.015819
8	17	11	14	103.5596 0.025362
11	17	13	15	95.23042 0.035772
14	17	15	16	413.6008 0.262837
3	18	8	13	69.03771 -0.001713
6	18	10	14	76.74097 0.034824
9	18	12	15	125.7022 0.061055
12	18	14	16	179.0250 0.052998	
15	18	16	17	318.9221 0.343845
1	19	7	13	65.22072 0.013846
4	19	9	14	50.06963 0.016587
7	19	11	15	81.59405 0.018011
10	19	13	16	77.61701 0.074873
13	19	15	17	374.9366 0.158469
16	19	17	18	330.3086 0.374725
2	20	8	14	53.71065 0.025672
5	20	10	15	60.69847 0.026086
8	20	12	16	76.66389 0.071499
11	20	14	17	142.3475 0.130172	
14	20	16	18	283.8778 0.302294
17	20	18	19	436.8681 0.883745	
3	21	9	15	43.04353 0.023557
6	21	11	16	68.24404 0.040006
9	21	13	17	91.31130 0.138580	
12	21	15	18	201.9295 0.168379
15	21	17	19	248.2082 0.356994
18	21	19	20	517.4465 0.619731	
1	22	8	15	44.38308 0.009533
4	22	10	16	46.53703 0.0000000
7	22	12	17	82.07553 0.035730	
10	22	14	18	134.5833 0.091294
13	22	16	19	228.3053 0.085839
16	22	18	20	253.9244 0.320069
19	22	20	21	689.7866 0.670573
2	23	9	16	34.63080 0.012271
5	23	11	17	62.16202 0.016822
8	23	13	18	76.16247 0.0000000
11	23	15	19	126.7060 0.0000000
14	23	17	20	157.9794 -0.006319
17	23	19	21	257.5750 0.114164
20	23	21	22	478.4529 0.376750
3	24	10	17	39.23597 0.009476
6	24	12	18	64.99197 0.037595
9	24	14	19	83.30828 0.0000000
12	24	16	20	101.8760 -0.002834
15	24	18	21	130.4018 -0.005459
18	24	20	22	253.0365 0.130776
21	24	22	23	657.2115 0.792108	
1	25	9	17	29.49795 0.006843
4	25	11	18	42.70471 0.010332
7	25	13	19	46.91606 0.014706
10	25	15	20	66.45828 0.037071
13	25	17	21	81.46490 0.033318
16	25	19	22	82.01589 0.061197
19	25	21	23	248.2299 0.353762
22	25	23	24	357.1144 0.378253
2	26	10	18	33.88390 0.0000000
5	26	12	19	47.72268 0.023769
8	26	14	20	51.52743 0.022061
11	26	16	21	63.08432 0.027352
14	26	18	22	77.20062 0.018220
17	26	20	23	127.7641 0.069737	
20	26	22	24	310.3396 0.292090
23	26	24	25	421.5280 0.364656
3	27	11	19	37.66175 0.0000000
6	27	13	20	43.49918 0.025193
9	27	15	21	59.80695 0.012926
12	27	17	22	61.33124 0.0000000
15	27	19	23	87.38004 0.023905
18	27	21	24	178.5298 0.071696
21	27	23	25	341.5587 0.287325
24	27	25	26	380.4998 0.350855
1	28	10	19	31.58707 0.0000000	
4	28	12	20	39.51789 0.0000000
7	28	14	21	47.68997 0.016893
10	28	16	22	55.52519 0.025956
13	28	18	23	79.82308 0.0000000
16	28	20	24	90.26804 0.035216
19	28	22	25	239.8648 0.122496
22	28	24	26	351.1231 0.276925
25	28	26	27	357.5398 0.444402
2	29	11	20	33.22987 0.036094
5	29	13	21	37.87325 0.032017
8	29	15	22	45.47048 0.082732
11	29	17	23	54.17393 0.090369
14	29	19	24	75.12399 0.086757	
17	29	21	25	123.8882 0.196592
20	29	23	26	255.4663 0.373245
23	29	25	27	237.6786 0.424400
26	29	27	28	416.8915 0.821945
3	30	12	21	32.92301 0.007722
6	30	14	22	40.17324 0.025427	
9	30	16	23	50.44901 0.017464
12	30	18	24	58.82835 0.0000000
15	30	20	25	85.96171 0.028963
18	30	22	26	184.6962 0.073808
21	30	24	27	222.2622 0.057411
24	30	26	28	225.4769 -0.013738
27	30	28	29	561.8462 0.775314	
1	31	11	21	29.89097 0.0000000
4	31	13	22	30.90803 0.007933
7	31	15	23	42.45635 0.0000000
10	31	17	24	49.22346 0.017466
13	31	19	25	74.89829 0.0000000
16	31	21	26	106.2938 0.0000000
19	31	23	27	179.3429 0.052781
22	31	25	28	188.3511 0.0000000
25	31	27	29	306.6585 0.340530
28	31	29	30	503.2356 0.639572
2	32	12	22	28.31433 0.0000000
5	32	14	23	35.29434 0.018387
8	32	16	24	40.99499 0.0000000
11	32	18	25	49.69903 0.010781
14	32	20	26	78.35942 0.017797
17	32	22	27	108.0873 0.0000000
20	32	24	28	141.3943 0.058609
23	32	26	29	148.7983 0.089837
26	32	28	30	320.6401 0.559798
29	32	30	31	321.4886 0.243206
3	4	1	2	-217.6539 0.0000000
4	5	1	2	-162.8029 -0.003220
4	5	2	3	-375.6952 0.178504
5	6	1	2	-33.08200 0.009611
5	6	2	3	-49.57051 -0.000300
5	6	3	4	-221.2960 0.094171
5	7	1	3	-135.0679 0.030577
6	7	1	2	-22.04942 0.008557
6	7	2	3	-30.33665 0.014822
6	7	3	4	-111.6161 0.054124
6	7	4	5	-424.5088 0.256163
6	8	2	4	-192.5498 0.104339
7	8	1	2	-10.78838 0.004567
7	8	2	3	-12.60966 0.005593
7	8	3	4	-37.94869 0.015821
7	8	4	5	-121.4388 0.051672
7	8	5	6	-412.8075 0.146151
7	9	1	3	-30.98310 0.008113
7	9	3	5	-196.0159 0.079494	
8	9	1	2	-3.710173 -0.000006
8	9	2	3	-3.910279 0.0000000
8	9	3	4	-10.49372 0.004109
8	9	4	5	-26.49385 0.006710
8	9	5	6	-57.11174 0.013420
8	9	6	7	-67.29484 0.018979
7	10	1	4	-80.60499 0.0000000
8	10	2	4	-15.33848 0.003344
8	10	4	6	-87.79010 0.032773
9	10	1	2	-0.302165 0.0000000
9	10	2	3	-0.278735 0.0000000
9	10	3	4	-0.668451 -0.000000
9	10	4	5	-1.592378 0.0000000
9	10	5	6	-2.675151 0.0000000
9	10	6	7	-3.055082 -0.000009
9	10	7	8	-9.757278 0.0000000
8	11	2	5	-45.59392 0.029939
9	11	1	3	-1.109221 0.000514
9	11	3	5	-4.233615 0.001188
9	11	5	7	-10.29776 0.005314
10	11	1	2	-0.275288 0.000374
10	11	2	3	-0.252978 0.000333
10	11	3	4	-0.597933 0.000814
10	11	4	5	-1.376412 0.001748
10	11	5	6	-2.239904 0.002926
10	11	6	7	-2.330491 0.002783
10	11	7	8	-5.675668 0.007224
10	11	8	9	-43.54473 0.075079
9	12	3	6	-16.58997 0.006184
10	12	2	4	-2.383214 0.001777
10	12	4	6	-9.991444 0.007109
10	12	6	8	-19.58130 0.012718
11	12	2	3	-0.464426 0.000447
11	12	3	4	-1.067481 0.001107
11	12	4	5	-2.467461 0.002215
11	12	5	6	-3.914330 0.003686
11	12	6	7	-3.941200 0.002298
11	12	7	8	-7.653303 0.006950
11	12	8	9	-35.38970 0.050123	
11	12	9	10	-76.33856 0.185471
9	13	1	5	-16.43710 0.0000000
10	13	1	4	-6.305473 0.001505
10	13	4	7	-27.98714 0.0000000
11	13	1	3	-2.398347 0.003064
11	13	3	5	-8.696266 0.010283
11	13	5	7	-16.14004 0.020018
11	13	7	9	-80.30922 0.128007
12	13	3	4	-1.710422 0.001687
12	13	4	5	-3.441723 0.003375
12	13	5	6	-4.451490 0.004622
12	13	6	7	-3.834856 0.002799
12	13	7	8	-7.383459 0.006751
12	13	8	9	-29.90976 0.033759
12	13	9	10	-40.25582 0.054015
12	13	10	11	-129.6624 0.0000000
10	14	2	6	-24.95572 0.007912
11	14	2	5	-11.34993 0.002441
11	14	5	8	-33.44379 0.0000000
12	14	2	4	-3.103406 0.002300
12	14	4	6	-9.459774 0.007274
12	14	6	8	-12.69745 0.009759
12	14	8	10	-78.71607 0.088254
13	14	4	5	-0.789886 0.000607
13	14	5	6	-0.768659 0.000429
13	14	6	7	-0.396469 0.000288
13	14	7	8	-1.077569 0.000815
13	14	8	9	-4.080700 0.002875
13	14	9	10	-4.574950 0.004067
13	14	10	11	-10.39948 0.006148
13	14	11	12	-41.21451 0.027498
11	15	3	7	-31.35928 0.006668
12	15	3	6	-14.89552 0.0000000
12	15	6	9	-56.19938 0.0000000
13	15	1	3	-0.966166 0.001276
13	15	3	5	-3.207013 0.003995
13	15	5	7	-3.290010 0.003175
13	15	7	9	-13.73627 0.015557
13	15	9	11	-36.19820 0.040169
14	15	5	6	-1.297095 0.001099
14	15	6	7	-0.825638 0.000703
14	15	7	8	-1.877721 0.001815
14	15	8	9	-6.687446 0.005930
14	15	9	10	-6.985788 0.004962
14	15	10	11	-14.17173 0.011861
14	15	11	12	-51.56373 0.039696
14	15	12	13	-483.9204 0.360095
12	16	4	8	-31.39806 0.017438
13	16	1	4	-3.117900 0.001586	
13	16	4	7	-7.872716 0.002837
13	16	7	10	-36.37085 0.008026
14	16	2	4	-1.712769 0.001010
14	16	4	6	-4.442093 0.002020
14	16	6	8	-4.780942 0.002020
14	16	8	10	-23.29949 0.008083
14	16	10	12	-105.9757 0.056000
15	16	6	7	-0.649318 0.000574
15	16	7	8	-1.427196 0.001309
15	16	8	9	-4.859370 0.004357
15	16	9	10	-4.724215 0.003406
15	16	10	11	-9.351879 0.008714
15	16	11	12	-30.77366 0.024648
15	16	12	13	-166.7267 0.139430
15	16	13	14	-160.9164 -0.016432
13	17	1	5	-7.412703 0.001778
13	17	5	9	-29.72851 0.007113
14	17	2	5	-5.043999 -0.000006
14	17	5	8	-9.248431 0.0000000
14	17	8	11	-54.66500 0.0000000
15	17	1	3	-0.782214 0.000391
15	17	3	5	-2.450394 0.001105
15	17	5	7	-2.866996 0.000782
15	17	7	9	-9.807468 0.003831
15	17	9	11	-19.30339 0.007662
15	17	11	13	-240.5245 0.0000000
16	17	7	8	-0.948689 0.001177
16	17	8	9	-2.574769 0.002979
16	17	9	10	-1.984235 0.002062
16	17	10	11	-3.257185 0.004034
16	17	11	12	-9.531950 0.009731
16	17	12	13	-33.63603 0.029193
16	17	13	14	-18.29674 0.013761
16	17	14	15	-51.33282 0.043519
14	18	2	6	-8.884747 0.002461
14	18	6	10	-36.19530 0.0000000
15	18	3	6	-4.909389 0.001160
15	18	6	9	-12.54014 0.003283
15	18	9	12	-63.18867 -0.001641
16	18	2	4	-0.755147 0.000980
16	18	4	6	-1.972198 0.002401
16	18	6	8	-2.162768 0.002556
16	18	8	10	-5.980127 0.007014
16	18	10	12	-15.84148 0.020148
16	18	12	14	-61.96053 0.080595
17	18	8	9	-0.874718 0.001517
17	18	9	10	-0.539433 0.000953
17	18	10	11	-0.803056 0.001577
17	18	11	12	-2.223096 0.004186
17	18	12	13	-6.779994 0.012990
17	18	13	14	-3.086916 0.006166
17	18	14	15	-7.273234 0.015339
17	18	15	16	-11.90800 0.023073
15	19	3	7	-7.326257 -0.000013
15	19	7	11	-34.09017 0.016963
16	19	1	4	-1.310633 0.001254
16	19	4	7	-3.584862 0.003015
16	19	7	10	-8.931762 0.006690
16	19	10	13	-65.28688 0.046354
17	19	1	3	-0.304938 0.000388
17	19	3	5	-0.910725 0.001124
17	19	5	7	-1.095737 0.001268
17	19	7	9	-2.389644 0.002795
17	19	9	11	-2.578178 0.003107
17	19	11	13	-17.26298 0.020296
17	19	13	15	-19.89880 0.024259
18	19	9	10	-0.490817 0.000451
18	19	10	11	-0.742682 0.000793
18	19	11	12	-2.020004 0.001963
18	19	12	13	-6.222673 0.005554
18	19	13	14	-2.859146 0.002435
18	19	14	15	-6.659674 0.005966
18	19	15	16	-7.672816 0.006162
18	19	16	17	-106.9854 0.088873
16	20	4	8	-6.060928 0.002972
16	20	8	12	-27.34297 0.006865
17	20	2	5	-1.399455 0.001114
17	20	5	8	-2.428949 0.001685
17	20	8	11	-5.123162 0.004767
17	20	11	14	-28.06159 0.025225
18	20	2	4	-0.376626 0.000526
18	20	4	6	-0.951030 0.001192
18	20	6	8	-0.971850 0.001066
18	20	8	10	-1.883222 0.002287
18	20	10	12	-3.639408 0.005048
18	20	12	14	-13.31991 0.014278
18	20	14	16	-20.72019 0.025312
19	20	10	11	-0.275797 0.000449
19	20	11	12	-0.597433 0.001000
19	20	12	13	-2.700441 0.002991
19	20	13	14	-1.519490 0.001495
19	20	14	15	-3.091575 0.003291
19	20	15	16	-3.246124 0.003219
19	20	16	17	-32.82141 0.040349
19	20	17	18	-155.8787 0.131779	
17	21	1	5	-2.118224 0.001534
17	21	5	9	-5.662161 0.003544
17	21	9	13	-28.43567 0.018302
18	21	3	6	-1.821070 0.001642
18	21	6	9	-3.095180 0.002253
18	21	9	12	-6.446212 0.005283
18	21	12	15	-28.42535 0.018024
19	21	1	3	-0.230311 0.000431
19	21	3	5	-0.671420 0.001146
19	21	5	7	-0.772226 0.001233
19	21	7	9	-1.403925 0.002322
19	21	9	11	-1.267616 0.002103
19	21	11	13	-7.298033 0.011328
19	21	13	15	-7.274692 0.010930
19	21	15	17	-56.54074 0.100974
20	21	11	12	-1.317259 0.001945
20	21	12	13	-2.672006 0.002933
20	21	13	14	-0.773943 0.000508
20	21	14	15	-1.895087 0.001808
20	21	15	16	-1.987774 0.001659
20	21	16	17	-18.51771 0.024389
20	21	17	18	-64.51686 0.065039
20	21	18	19	-180.0305 0.106209
18	22	2	6	-2.539895 -0.000003
18	22	6	10	-5.083281 -0.000007
18	22	10	14	-25.80753 0.007635
19	22	1	4	-0.681443 0.000638
19	22	4	7	-1.741368 0.001313
19	22	7	10	-2.745450 0.001958
19	22	10	13	-11.21767 0.007431
19	22	13	16	-15.20610 0.007833
20	22	2	4	-0.353672 0.000341
20	22	4	6	-0.858480 0.000889
20	22	6	8	-0.810692 0.000758
20	22	8	10	-1.417488 0.001419
20	22	10	12	-3.131269 0.003476
20	22	12	14	-5.713951 0.004797
20	22	14	16	-6.162055 0.003716
20	22	16	18	-120.1997 0.123781
21	22	12	13	-1.825515 0.001857
21	22	13	14	-0.438936 0.000434
21	22	14	15	-1.118000 0.001168
21	22	15	16	-1.163810 0.001137
21	22	16	17	-9.811206 0.011143
21	22	17	18	-27.23378 0.027795
21	22	18	19	-55.25463 0.017155
21	22	19	20	-172.7907 0.168091
19	23	3	7	-3.005483 0.001652
19	23	7	11	-5.319336 0.002090
19	23	11	15	-24.33218 -0.000184
20	23	2	5	-1.298934 0.000872
20	23	5	8	-2.006244 0.001154
20	23	8	11	-3.419467 0.002617
20	23	11	14	-11.95813 0.006981
20	23	14	17	-47.39017 0.027924
21	23	3	5	-0.739838 0.000734
21	23	5	7	-0.821141 0.000811
21	23	7	9	-1.394575 0.001340
21	23	9	11	-1.252043 0.001248
21	23	11	13	-6.102342 0.005539
21	23	13	15	-3.652362 0.002937
21	23	15	17	-22.39902 0.020726
21	23	17	19	-143.5151 0.117243
22	23	13	14	-0.641460 0.000392
22	23	14	15	-1.452849 0.001027
22	23	15	16	-1.407428 0.000937
22	23	16	17	-10.01495 0.007868
22	23	17	18	-23.08056 0.016436
22	23	18	19	-37.83782 0.009489
22	23	19	20	-80.66552 0.046490
22	23	20	21	-296.0754 0.107364
20	24	4	8	-3.615681 0.001379
20	24	8	12	-8.528628 0.003900
20	24	12	16	-21.78238 0.006370
21	24	3	6	-1.777586 0.001548
21	24	6	9	-2.605123 0.002381
21	24	9	12	-4.632862 0.004176
21	24	12	15	-10.88035 0.008353
21	24	15	18	-93.00607 0.076194
22	24	4	6	-0.998412 0.000653
22	24	6	8	-0.946948 0.000950
22	24	8	10	-1.397909 0.001111
22	24	10	12	-2.578933 0.002387
22	24	12	14	-4.970245 0.004089
22	24	14	16	-4.932090 0.004089
22	24	16	18	-52.39010 0.046262
22	24	18	20	-169.6601 0.130849
23	24	14	15	-1.066895 0.000550
23	24	15	16	-1.003114 0.000550
23	24	16	17	-6.304079 0.003112
23	24	17	18	-12.95406 0.006224
23	24	18	19	-18.77043 0.0000000
23	24	19	20	-32.33462 0.016071
23	24	20	21	-77.34989 0.028749
23	24	21	22	-139.7342 0.040657
21	25	1	5	-1.865610 0.001348
21	25	5	9	-4.039423 0.002860
21	25	9	13	-12.21127 0.008528
21	25	13	17	-40.05028 0.028540
22	25	1	4	-0.760179 0.000325
22	25	4	7	-1.885064 0.000651
22	25	7	10	-2.543625 0.001127
22	25	10	13	-8.189532 0.0000000
22	25	13	16	-7.677748 0.002604
22	25	16	19	-128.2239 -0.003683
23	25	5	7	-0.707970 0.000544
23	25	7	9	-1.115168 0.000872
23	25	9	11	-0.856064 0.000741
23	25	11	13	-3.998934 0.003079
23	25	13	15	-2.550739 0.001646
23	25	15	17	-11.44054 0.008063
23	25	17	19	-47.47135 0.026336
23	25	19	21	-153.6642 0.117780
24	25	15	16	-0.620792 0.000688
24	25	16	17	-3.505626 0.003988
24	25	17	18	-6.653458 0.007784
24	25	18	19	-9.056929 0.008527
24	25	19	20	-14.14004 0.017407
24	25	20	21	-29.71194 0.032659
24	25	21	22	-45.33792 0.053028
24	25	22	23	-149.9652 0.171690
22	26	2	6	-2.205443 -0.000001
22	26	6	10	-3.502127 0.0000000
22	26	10	14	-10.57503 0.0000000
22	26	14	18	-71.82514 0.0000000
23	26	2	5	-0.949292 0.000633
23	26	5	8	-1.425882 0.000968
23	26	8	11	-1.865968 0.001157
23	26	11	14	-5.650458 0.003273
23	26	14	17	-14.70379 0.009259
23	26	17	20	-100.0074 0.057378
24	26	6	8	-0.509056 0.000446
24	26	8	10	-0.652468 0.000515
24	26	10	12	-1.044808 0.000892
24	26	12	14	-1.980432 0.001683
24	26	14	16	-1.823251 0.001457
24	26	16	18	-12.68040 0.010100
24	26	18	20	-27.67205 0.019046
24	26	20	22	-86.46268 0.065978
25	26	16	17	-0.996198 0.000912
25	26	17	18	-1.524551 0.001477
25	26	18	19	-1.911809 0.001368
25	26	19	20	-2.563930 0.002413
25	26	20	21	-4.858336 0.003870
25	26	21	22	-6.572282 0.006050
25	26	22	23	-16.66560 0.015904
25	26	23	24	-25.01855 0.021892
23	27	3	7	-1.945217 -0.000003
23	27	7	11	-2.675730 0.000774
23	27	11	15	-8.380265 -0.000024
23	27	15	19	-66.24804 0.0000000
24	27	3	6	-0.892792 0.000227
24	27	6	9	-1.177539 0.0000000
24	27	9	12	-1.512181 -0.000000
24	27	12	15	-3.489437 -0.000005
24	27	15	18	-15.14635 0.0000000
24	27	18	21	-67.13176 0.0000000
25	27	7	9	-0.437050 0.000445
25	27	9	11	-0.267329 0.000275
25	27	11	13	-1.156660 0.001143
25	27	13	15	-0.671713 0.000630
25	27	15	17	-1.989055 0.001980
25	27	17	19	-5.332331 0.004574
25	27	19	21	-11.25655 0.009148
25	27	21	23	-34.71441 0.029340
26	27	17	18	-0.853599 0.000850
26	27	18	19	-1.043140 0.000877
26	27	19	20	-1.329111 0.001241
26	27	20	21	-2.508851 0.002150
26	27	21	22	-3.436344 0.003284
26	27	22	23	-8.056178 0.008046
26	27	23	24	-10.70213 0.010534
26	27	24	25	-67.16291 0.039728
24	28	4	8	-1.644691 0.000520
24	28	8	12	-2.461211 0.000736
24	28	12	16	-5.299310 0.002082
24	28	16	20	-47.75899 0.0000000
25	28	1	4	-0.304228 0.000121
25	28	4	7	-0.724092 -0.000000
25	28	7	10	-0.803965 -0.000000
25	28	10	13	-1.876918 0.0000000
25	28	13	16	-1.533162 -0.000000
25	28	16	19	-9.328373 0.002753
25	28	19	22	-27.82031 0.007788
26	28	8	10	-0.315538 0.000122
26	28	10	12	-0.448053 0.000212
26	28	12	14	-0.809708 0.000173
26	28	14	16	-0.687162 0.000347
26	28	16	18	-2.862782 0.001388
26	28	18	20	-4.556735 0.001388
26	28	20	22	-11.31315 0.006208
26	28	22	24	-33.95291 0.022212
27	28	18	19	-0.987539 0.000432
27	28	19	20	-1.189155 0.000530
27	28	20	21	-2.218080 0.001224
27	28	21	22	-3.123281 0.001499
27	28	22	23	-6.788095 0.004242
27	28	23	24	-8.332658 0.004242
27	28	24	25	-37.09009 0.009797
27	28	25	26	-153.5727 0.117571
25	29	1	5	-0.773044 0.000978
25	29	5	9	-1.461308 0.001666
25	29	9	13	-2.683150 0.003155
25	29	13	17	-4.742484 0.005671
25	29	17	21	-26.91663 0.031308
26	29	2	5	-0.463091 0.000730
26	29	5	8	-0.668165 0.000958
26	29	8	11	-0.693130 0.001046
26	29	11	14	-1.743517 0.002575
26	29	14	17	-2.803692 0.004242
26	29	17	20	-9.288240 0.013487
26	29	20	23	-35.57563 0.052813
27	29	9	11	-0.245351 0.000502
27	29	11	13	-1.013589 0.001869
27	29	13	15	-0.569225 0.001083
27	29	15	17	-1.511464 0.002883
27	29	17	19	-3.602353 0.006511
27	29	19	21	-6.731614 0.012103
27	29	21	23	-17.22877 0.031901
27	29	23	25	-74.01382 0.084586
28	29	19	20	-1.253376 0.002356
28	29	20	21	-2.062734 0.003562	
28	29	21	22	-2.217410 0.003838
28	29	22	23	-5.098677 0.009132
28	29	23	24	-6.050158 0.010516
28	29	24	25	-22.27387 0.029005
28	29	25	26	-80.18048 0.137952
28	29	26	27	-164.1953 0.279248
26	30	2	6	-0.907193 0.000401
26	30	6	10	-1.205750 0.0000000
26	30	10	14	-2.496351 0.0000000
26	30	14	18	-6.623730 0.0000000
26	30	18	22	-26.70841 0.006420
27	30	3	6	-0.637972 0.000564
27	30	6	9	-0.784122 0.000545
27	30	9	12	-0.832550 0.000743
27	30	12	15	-1.742437 0.001542
27	30	15	18	-4.316296 0.003687
27	30	18	21	-11.66334 0.009894
27	30	21	24	-39.56205 0.032314
28	30	10	12	-0.447083 0.000505
28	30	12	14	-0.788694 0.000743
28	30	14	16	-0.647926 0.000668
28	30	16	18	-2.416649 0.002542
28	30	18	20	-3.808587 0.003956
28	30	20	22	-7.003844 0.006600
28	30	22	24	-17.70935 0.015479
28	30	24	26	-143.8715 0.129341
29	30	20	21	-1.379438 0.002623
29	30	21	22	-1.354200 0.002814
29	30	22	23	-3.051692 0.006365
29	30	23	24	-3.539984 0.007207
29	30	24	25	-10.28941 0.020180
29	30	25	26	-31.18125 0.070144
29	30	26	27	-38.51966 0.094742
29	30	27	28	-87.63300 0.272890
27	31	3	7	-0.986042 0.000412
27	31	7	11	-1.103890 0.000532
27	31	11	15	-2.608333 0.000952
27	31	15	19	-8.050825 0.002694
27	31	19	23	-34.36989 0.013201
28	31	1	4	-0.245423 0.000252
28	31	4	7	-0.581942 0.000632
28	31	7	10	-0.619011 0.000649
28	31	10	13	-1.341519 0.001429
28	31	13	16	-1.036932 0.001154
28	31	16	19	-5.076846 0.005462
28	31	19	22	-11.18344 0.011920
28	31	22	25	-59.27702 0.035682
29	31	11	13	-0.660576 0.001234
29	31	13	15	-0.363874 0.000737
29	31	15	17	-0.904437 0.001773
29	31	17	19	-2.030027 0.003809
29	31	19	21	-3.549765 0.006982
29	31	21	23	-6.862303 0.013513
29	31	23	25	-21.17234 0.038222
29	31	25	27	-106.0348 0.202985
30	31	21	22	-0.753518 0.000544
30	31	22	23	-1.690686 0.001377
30	31	23	24	-1.929477 0.001460
30	31	24	25	-5.374352 0.003895
30	31	25	26	-16.14072 0.014576
30	31	26	27	-19.83825 0.012319
30	31	27	28	-41.27925 0.049279
30	31	28	29	-146.7225 0.0000000
28	32	4	8	-1.027499 0.000853
28	32	8	12	-1.266776 0.001206
28	32	12	16	-2.340515 0.002246
28	32	16	20	-9.703723 0.009653
28	32	20	24	-36.59233 0.029911
29	32	2	5	-0.346771 0.000582
29	32	5	8	-0.499433 0.000897
29	32	8	11	-0.495050 0.000882
29	32	11	14	-1.196696 0.002073
29	32	14	17	-1.727639 0.003191
29	32	17	20	-5.052639 0.009125
29	32	20	23	-13.25355 0.023460
29	32	23	26	-94.94930 0.165365
30	32	12	14	-0.495911 0.000454
30	32	14	16	-0.403589 0.000406
30	32	16	18	-1.387430 0.001407
30	32	18	20	-2.070452 0.001990
30	32	20	22	-3.553625 0.003250
30	32	22	24	-8.271785 0.007963
30	32	24	26	-45.26176 0.045045
30	32	26	28	-115.2450 0.137616
31	32	22	23	-2.177198 0.001878
31	32	23	24	-2.454873 0.001955
31	32	24	25	-6.245326 0.005086
31	32	25	26	-17.37790 0.015640
31	32	26	27	-18.41857 0.014387
31	32	27	28	-35.43926 0.038799
31	32	28	29	-86.74365 0.049077
31	32	29	30	-222.5556 0.147233
2	3	1	4	546.8158 0.0000000
3	4	2	5	678.6356 0.176515
3	5	1	7	365.7561 0.169880
4	5	3	6	1202.219 0.0000000
4	6	2	8	413.5268 0.098655
5	6	4	7	831.1220 0.814284
4	7	1	10	163.4337 0.134442	
5	7	3	9	219.0478 0.0000000
6	7	5	8	694.3491 0.614945
5	8	2	11	177.8961 0.041033
6	8	4	10	303.6734 0.196011
7	8	6	9	650.5297 0.0000000
5	9	1	13	112.4819 -0.006610
6	9	3	12	203.8223 0.120980
7	9	5	11	362.1155 0.0000000
8	9	7	10	309.0800 0.074973
6	10	2	14	128.9634 0.081789
7	10	4	13	158.1877 0.060281
8	10	6	12	230.8828 0.076791
9	10	8	11	154.8657 0.262014
6	11	1	16	73.00903 0.037139
7	11	3	15	102.9068 0.024268
8	11	5	14	128.2295 0.050767
9	11	7	13	81.16837 0.064048
10	11	9	12	231.6384 0.304100
7	12	2	17	71.05868 0.019507
8	12	4	16	77.50135 0.0000000
9	12	6	15	101.9891 0.045917
10	12	8	14	171.1076 0.244806
11	12	10	13	277.1669 0.062066
7	13	1	19	65.53488 0.0000000
8	13	3	18	69.49923 0.033270
9	13	5	17	72.21115 0.063891
10	13	7	16	133.3878 0.233727
11	13	9	15	395.3239 0.884508
12	13	11	14	942.5499 1.054348
8	14	2	20	53.94576 -0.000790
9	14	4	19	50.32835 0.010707
10	14	6	18	77.17638 0.022055
11	14	8	17	104.0646 0.087047
12	14	10	16	202.2136 0.256538
13	14	12	15	254.5432 0.300568
8	15	1	22	44.51919 -0.000687
9	15	3	21	43.07047 0.017298
10	15	5	20	60.85034 0.045267
11	15	7	19	82.08428 0.054537
12	15	9	18	126.9400 0.075758
13	15	11	17	95.76263 0.127553
14	15	13	16	651.0258 0.817558
9	16	2	23	34.63595 0.007795
10	16	4	22	46.53448 0.018873
11	16	6	21	68.34039 0.039275
12	16	8	20	77.17081 0.039056
13	16	10	19	78.26251 0.133903
14	16	12	18	180.0673 0.169472
15	16	14	17	414.5281 0.507005
9	17	1	25	29.54461 0.007082
10	17	3	24	39.25474 0.020370
11	17	5	23	62.25677 0.032093
12	17	7	22	82.38860 0.031071
13	17	9	21	91.64461 0.099526
14	17	11	20	143.1162 0.085257
15	17	13	19	377.5129 0.363148
16	17	15	18	319.6269 0.511323
10	18	2	26	33.94884 0.007822
11	18	4	25	42.72509 0.013451
12	18	6	24	65.08642 0.032519
13	18	8	23	76.36520 0.052563
14	18	10	22	135.2103 0.039701
15	18	12	21	202.6077 0.133208
16	18	14	20	287.4976 0.502379
17	18	16	19	343.2094 0.506831
10	19	1	28	31.57748 -0.000659
11	19	3	27	37.55896 0.008962
12	19	5	26	47.68709 0.017698
13	19	7	25	46.80509 0.020119
14	19	9	24	83.06197 0.018982
15	19	11	23	126.2892 0.047914	
16	19	13	22	228.1125 0.282473
17	19	15	21	245.6537 0.312910
18	19	17	20	431.7250 0.404185
11	20	2	29	33.21774 0.007304
12	20	4	28	39.59843 0.011762
13	20	6	27	43.51268 0.012819
14	20	8	26	51.70051 0.021393	
15	20	10	25	66.76192 0.041859
16	20	12	24	101.8988 0.142641
17	20	14	23	158.7528 0.243784
18	20	16	22	255.1839 0.360720
19	20	18	21	520.0372 0.800977
11	21	1	31	29.85676 0.017042
12	21	3	30	32.93640 0.021381
13	21	5	29	37.89882 0.031280
14	21	7	28	47.88700 0.031536
15	21	9	27	60.10281 0.059503
16	21	11	26	63.45267 0.097552
17	21	13	25	81.96167 0.129329
18	21	15	24	130.7920 0.210339
19	21	17	23	260.2284 0.357056
20	21	19	22	699.5659 0.300121
12	22	2	32	28.26495 -0.000243
13	22	4	31	30.83003 0.008802
14	22	6	30	40.17132 0.0000000
15	22	8	29	45.57453 0.021420
16	22	10	28	55.84055 0.037702
17	22	12	27	61.52444 0.049452
18	22	14	26	77.84068 0.049024
19	22	16	25	82.80852 0.105906
20	22	18	24	253.8695 0.303923	
21	22	20	23	480.6280 0.441443
14	23	5	32	35.15645 0.0000000
15	23	7	31	42.33304 0.012857	
16	23	9	30	50.38743 -0.001138
17	23	11	29	54.18908 -0.002778
18	23	13	28	80.16920 0.0000000
19	23	15	27	87.75794 0.070123
20	23	17	26	128.2414 0.116052
21	23	19	25	250.8234 0.270037
22	23	21	24	655.5170 0.505389
16	24	8	32	40.83773 -0.000807
17	24	10	31	49.08090 0.018141	
18	24	12	30	58.73839 0.012427
19	24	14	29	75.42046 0.069606
20	24	16	28	90.94971 0.086247
21	24	18	27	178.6849 0.255468
22	24	20	26	311.4591 0.311488
23	24	22	25	360.0700 0.232916
18	25	11	32	49.47909 0.011035
19	25	13	31	74.88552 0.082314	
20	25	15	30	86.10980 0.066931
21	25	17	29	124.2324 0.127416
22	25	19	28	242.5804 0.224832
23	25	21	27	344.4146 0.296731
24	25	23	26	423.6555 0.696045
20	26	14	32	77.81674 -0.001881
21	26	16	31	105.6372 0.042424	
22	26	18	30	184.0655 0.078789
23	26	20	29	256.4493 0.239975
24	26	22	28	353.1010 0.334111
25	26	24	27	379.4631 0.449517
22	27	17	32	107.0739 0.0000000
23	27	19	31	179.5844 0.087842
24	27	21	30	222.8332 0.0000000
25	27	23	29	238.0644 0.276945
26	27	25	28	360.6130 0.368058
24	28	20	32	141.3118 0.346185
25	28	22	31	187.9128 0.189542
26	28	24	30	225.5055 0.066820
27	28	26	29	414.1916 0.289346
26	29	23	32	148.0813 0.152292	
27	29	25	31	308.0062 0.487986
28	29	27	30	571.6897 0.773954
28	30	26	32	324.3732 0.404670
29	30	28	31	508.5786 0.857681
30	31	29	32	321.6584 0.117975