32#	Number	of	sensors																	
#	x	z																		
0	0.06																			
0.1	0.15																			
0.15	0.2																			
0.24	0.22																			
0.36	0.22																			
0.43	0.19																			
0.51	0.13																			
0.57	0.04																			
0.74	0.04																			
0.82	0.12																			
0.93	0.19																			
1	0.23																			
1.1	0.22																			
1.19	0.17																			
1.24	0.11																			
1.33	0.02																			
1.5	0.02																			
1.56	0.11																			
1.63	0.15																			
1.68	0.2																			
1.85	0.21																			
1.93	0.15																			
2	0.1																			
2.08	0.04																			
2.22	0.05																			
2.33	0.12																			
2.39	0.2																			
2.46	0.25																			
2.59	0.26																			
2.66	0.2																			
2.72	0.13																			
2.79	0.04																			
1342#	Number	of	data																	
#a	b	m	n	R	err															
1	2	3	4	-595.8267	0.246696															
1	2	4	5	-185.731	0.123348															
1	2	5	6	-80.12557	0.073406															
1	2	6	7	-27.40813	0.020876															
1	2	7	8	-13.96421	0.009952															
1	2	8	9	-9.469704	0.006294															
1	2	9	10	-0.656991	0.000461															
1	2	10	11	-0.136837	0.00023															
1	3	5	7	-236.9708	-0.006926															
1	3	7	9	-56.02051	-0.000432															
1	3	9	11	-1.998579	0															
1	3	11	13	-2.869451	-0.000001															
1	3	13	15	-1.286911	0.000432															
1	3	15	17	-1.21714	0															
1	3	17	19	-0.319253	0.000296															
1	3	19	21	-0.202143	0.000291															
2	3	4	5	-493.0847	0.533824															
2	3	5	6	-87.30116	0.020592															
2	3	6	7	-41.83692	0.017833															
2	3	7	8	-20.44171	0.005148															
2	3	8	9	-12.10312	0.005148															
2	3	9	10	-0.772734	0.000227															
2	3	10	11	-0.430327	0.000394															
2	3	11	12	-0.394479	0															
1	4	7	10	-158.5111	0.127573															
1	4	10	13	-6.207292	0.002944															
1	4	13	16	-4.219624	0.00636															
1	4	16	19	-2.040685	0.002404															
1	4	19	22	-0.511581	0.000212															
1	4	22	25	-1.005702	0.0003															
1	4	25	28	-0.255468	0.000654															
1	4	28	31	-0.20725	0.000356															
2	4	6	8	-367.3159	0.275215															
2	4	8	10	-47.20698	0.034401															
2	4	10	12	-1.612404	0															
2	4	12	14	-4.134052	0.003889															
2	4	14	16	-2.097285	0.002425															
2	4	16	18	-1.3106		0.001375															
2	4	18	20	-0.269993	0.000689															
2	4	20	22	-0.224609	0.000704															
3	4	5	6	-1353.935	2.635474															
3	4	6	7	-238.1869	0.230342															
3	4	7	8	-66.80533	0.075682															
3	4	8	9	-32.85341	0.032482															
3	4	9	10	-1.447776	0.001213															
3	4	10	11	-0.383996	0.000395															
3	4	11	12	-0.410917	0.000345															
3	4	12	13	-1.971276	0.001435															
1	5	9	13	-17.63782	0.005219															
1	5	13	17	-9.677947	0.008253															
1	5	17	21	-1.456972	0.00122															
1	5	21	25	-1.856767	0.001031															
1	5	25	29	-0.497992	0.000431															
2	5	8	11	-116.7065	0.054485															
2	5	11	14	-10.52775	0.003932															
2	5	14	17	-6.086857	0.004815															
2	5	17	20	-0.895087	0.000951															
2	5	20	23	-0.733132	0.000491															
2	5	23	26	-1.185562	0.000491															
2	5	26	29	-0.282015	0.000605															
2	5	29	32	-0.240382	0.000742															
3	5	7	9	-325.5532	0.451895															
3	5	9	11	-5.85018	0.003375															
3	5	11	13	-6.96141	0.003774															
3	5	13	15	-4.266643	0.00492											
3	5	15	17	-2.863391	0.002668										
3	5	17	19	-0.549495	0.000699										
3	5	19	21	-0.376354	0.000723										
3	5	21	23	-0.345639	0.000683										
4	5	6	7	-775.7872	0.974717										
4	5	7	8	-161.8503	0.324578										
4	5	8	9	-64.53363	0.081878										
4	5	9	10	-3.015683	0.003868										
4	5	10	11	-1.019871	0.00143											
4	5	11	12	-1.750716	0.001743										
4	5	12	13	-2.818269	0.003553										
4	5	13	14	-1.010886	0.001159										
2	6	10	14	-31.10458	0.010026										
2	6	14	18	-10.72149	0.004341										
2	6	18	22	-1.77368	0.000626										
2	6	22	26	-2.59852	0.001085										
2	6	26	30	-0.663031	0.000313										
3	6	9	12	-30.84651	0.022762										
3	6	12	15	-16.44315	0.012724										
3	6	15	18	-6.174591	0.005509										
3	6	18	21	-1.257833	0.001124										
3	6	21	24	-1.458905	0.000871										
3	6	24	27	-1.263588	0.000711										
3	6	27	30	-0.438587	0.00047											
4	6	8	10	-292.9736	0.439348										
4	6	10	12	-15.41767	0.023417										
4	6	12	14	-9.937254	0.01287											
4	6	14	16	-4.073647	0.00507											
4	6	16	18	-3.231429	0.004628										
4	6	18	20	-0.708556	0.000944										
4	6	20	22	-0.548122	0.001013										
4	6	22	24	-0.90788	0.001034										
5	6	7	8	-759.7113	1.372864										
5	6	8	9	-215.1732	0.225263										
5	6	9	10	-10.18938	0.011597										
5	6	10	11	-4.129007	0.005237										
5	6	11	12	-8.543289	0.010304										
5	6	12	13	-5.290502	0.004608										
5	6	13	14	-0.800679	0											
5	6	14	15	-1.243564	0											
3	7	11	15	-37.73962	0											
3	7	15	19	-8.656167	0											
3	7	19	23	-1.965202	0											
3	7	23	27	-2.72405	0											
3	7	27	31	-0.757487	0											
4	7	10	13	-36.04814	0.029151										
4	7	13	16	-7.604447	0.004858										
4	7	16	19	-5.09277	0.004028										
4	7	19	22	-1.252946	0.00096											
4	7	22	25	-2.344517	0.002272										
4	7	25	28	-0.50076	0.000185										
4	7	28	31	-0.525471	0.000661										
5	7	9	11	-25.34732	0.023051										
5	7	11	13	-23.30495	0.018821										
5	7	13	15	-3.203872	0.001176										
5	7	15	17	-4.183883	0.001663										
5	7	17	19	-1.065994	0.00072											
5	7	19	21	-0.699122	0.00036											
5	7	21	23	-0.532042	0.00036											
5	7	23	25	-1.441172	0.001176										
6	7	8	9	-173.441	0.075459										
6	7	9	10	-7.959829	0.004716										
6	7	10	11	-3.059707	0.001667										
6	7	11	12	-6.052046	0.002358										
6	7	12	13	-3.405724	0.001667										
6	7	13	14	-0.432004	0											
6	7	14	15	-0.715555	0.00038											
6	7	15	16	-0.540879	0.00038											
4	8	12	16	-44.75582	0.03383											
4	8	16	20	-9.56377	0.00765											
4	8	20	24	-3.169604	0.002385										
4	8	24	28	-2.297185	0.001912										
4	8	28	32	-0.998419	0.00108											
5	8	11	14	-69.63217	0.037157										
5	8	14	17	-15.63005	0.004644										
5	8	17	20	-2.540336	0.001642										
5	8	20	23	-1.517238	0.00058											
5	8	23	26	-2.654762	0.001536										
5	8	26	29	-0.547459	0.000205										
5	8	29	32	-0.612466	0.000458										
6	8	10	12	-51.23469	-0.000281										
6	8	12	14	-22.88603	0.009											
6	8	14	16	-7.834363	0											
6	8	16	18	-4.811047	-0.000004										
6	8	18	20	-0.824382	0.001125										
6	8	20	22	-0.673356	0.001348										
6	8	22	24	-1.021803	0.000628										
6	8	24	26	-0.995806	0.000628										
7	8	9	10	-50.97388	0.03582											
7	8	10	11	-15.99508	0.0054											
7	8	11	12	-25.95878	-0.000337										
7	8	12	13	-15.8488	-0.000084										
7	8	13	14	-3.12064	-0.00001										
7	8	14	15	-4.19444	0.000954										
7	8	15	16	-2.361051	0.000675										
7	8	16	17	-2.89009	-0.000005										
5	9	13	17	-72.68499	0.042408										
5	9	17	21	-6.665358	0.00237											
5	9	21	25	-6.603698	0.002903										
5	9	25	29	-1.450603	0.000725										
6	9	12	15	-145.2175	0.091095										
6	9	15	18	-28.59696	0.017215										
6	9	18	21	-3.354076	0.001521										
6	9	21	24	-3.455789	0.001317										
6	9	24	27	-2.5829		0.001317											
6	9	27	30	-0.780409	0											
7	9	11	13	-304.952	0.299057										
7	9	13	15	-40.50822	0.015939										
7	9	15	17	-24.72969	0.005635										
7	9	17	19	-3.128191	0											
7	9	19	21	-1.776307	0.000498										
7	9	21	23	-1.56493	0.000704										
7	9	23	25	-3.059641	0.000704										
7	9	25	27	-0.527737	0.000176										
8	9	10	11	-151.3408	0.044328										
8	9	11	12	-178.5598	0.062689										
8	9	12	13	-84.15969	0											
8	9	13	14	-14.41031	-0.000086										
8	9	14	15	-18.74275	-0.000173										
8	9	15	16	-9.696544	-0.000043										
8	9	16	17	-9.76525	0.00277											
8	9	17	18	-1.406278	0.000692										
6	10	14	18	-90.60998	0.040759										
6	10	18	22	-5.669056	0.002079										
6	10	22	26	-6.053904	0.002941										
6	10	26	30	-1.218629	0											
7	10	13	16	-100.3318	-0.009829										
7	10	16	19	-23.86366	-0.000307										
7	10	19	22	-3.542977	0.000868										
7	10	22	25	-4.940858	0											
7	10	25	28	-0.845115	0											
7	10	28	31	-0.82036	0.000217										
8	10	12	14	-236.7414	0.055263										
8	10	14	16	-59.28146	0.013815										
8	10	16	18	-18.79419	0.006907										
8	10	18	20	-1.684646	0.001881										
8	10	20	22	-2.495173	0.00259											
8	10	22	24	-2.223291	0.000863										
8	10	24	26	-1.831015	0.000431										
8	10	26	28	-0.334346	0											
9	10	11	12	-417.9355	0.186002										
9	10	12	13	-120.8016	0.053694										
9	10	13	14	-16.92445	0.00822											
9	10	14	15	-21.03041	0.011625										
9	10	15	16	-9.700829	0.004745										
9	10	16	17	-6.986698	0.004745										
9	10	17	18	-0.623855	0.000646										
9	10	18	19	-0.462499	0.000331										
7	11	15	19	-72.70606	0.079764										
7	11	19	23	-6.016934	0.005958										
7	11	23	27	-5.538364	0.005493										
7	11	27	31	-1.167195	0.000815										
8	11	14	17	-140.9249	0.188935										
8	11	17	20	-4.461311	0.006481										
8	11	20	23	-5.291519	0.008665										
8	11	23	26	-4.190736	0.006685										
8	11	26	29	-0.669038	0.001181										
8	11	29	32	-0.670419	0.000818										
9	11	13	15	-111.0551	0.160791										
9	11	15	17	-42.61608	0.076603										
9	11	17	19	-2.362266	0.007515										
9	11	19	21	-0.981817	0.011393										
9	11	21	23	-1.693628	0.009426										
9	11	23	25	-1.725317	0.002156										
9	11	25	27	-0.219414	0.000435										
9	11	27	29	-0.15567	0.000288										
10	11	12	13	-288.2901	0.519805										
10	11	13	14	-33.95912	0.052431										
10	11	14	15	-39.02		0.068649											
10	11	15	16	-16.01108	0.031723										
10	11	16	17	-9.878016	0.023237										
10	11	17	18	-0.777204	0.002111										
10	11	18	19	-0.498483	0.001127										
10	11	19	20	0.576973	0.00252											
8	12	16	20	-74.82062	0											
8	12	20	24	-18.363		0.022671											
8	12	24	28	-4.924011	0.002003										
8	12	28	32	-1.47291	0											
9	12	15	18	-163.8666	-0.00541										
9	12	18	21	-4.747805	0.007408										
9	12	21	24	-8.96709	0.008554										
9	12	24	27	-3.169295	0.000956										
9	12	27	30	-0.644037	0.000239										
10	12	14	16	-323.4071	0.075421										
10	12	16	18	-56.40849	0											
10	12	18	20	2.058346	0.013293										
10	12	20	22	-9.824074	0.012017										
10	12	22	24	-3.843707	0.002499										
10	12	24	26	-2.435752	-0.000001										
10	12	26	28	-0.321757	0											
10	12	28	30	-0.380259	0.00018											
11	12	13	14	-177.5349	0											
11	12	14	15	-194.6246	0.046264										
11	12	15	16	-74.20911	0											
11	12	16	17	-42.52558	0											
11	12	17	18	-3.304069	0											
11	12	18	19	-1.737033	0											
11	12	19	20	3.63839		0.005599											
11	12	20	21	-4.751847	0.002504										
9	13	17	21	-37.25068	0.010962										
9	13	21	25	-19.75024	0.014502										
9	13	25	29	-2.097457	0.000968										
10	13	16	19	-222.5012	0.309184										
10	13	19	22	-15.874		0.007888											
10	13	22	25	-12.86831	0.007888										
10	13	25	28	-1.469212	0.001034										
10	13	28	31	-1.212993	0.000441										
11	13	15	17	-613.7016	0.683701										
11	13	17	19	-23.81107	0.010466										
11	13	19	21	-10.14876	0											
11	13	21	23	-7.453479	0.005652										
11	13	23	25	-8.790499	0.0037											
11	13	25	27	-1.052652	0.000597										
11	13	27	29	-0.696697	0.000731										
11	13	29	31	-0.681746	0.000422										
12	13	14	15	-1655.783	0.877903										
12	13	15	16	-351.4632	0.39261											
12	13	16	17	-145.3202	0.170005										
12	13	17	18	-11.1084	0.008675										
12	13	18	19	-7.672198	0.005312										
12	13	19	20	-6.636976	0.003429										
12	13	20	21	-2.364765	0.000939										
12	13	21	22	-1.300929	0.000383										
10	14	18	22	-33.98731	-0.000695										
10	14	22	26	-15.80643	0.00371											
10	14	26	30	-1.956707	0											
11	14	17	20	-41.33943	-0.000608										
11	14	20	23	-14.01998	0.003442										
11	14	23	26	-11.3222	-0.000019										
11	14	26	29	-1.333458	0.000304										
11	14	29	32	-1.29949	0											
12	14	16	18	-238.1426	0.305558										
12	14	18	20	-23.30195	0.020678										
12	14	20	22	-2.885836	0.025333										
12	14	22	24	-5.343597	0.008125										
12	14	24	26	-4.221145	0.003071										
12	14	26	28	-0.591413	0.000271										
12	14	28	30	-0.674248	0.000542										
12	14	30	32	-0.572111	0											
13	14	15	16	-261.2252	0.324317										
13	14	16	17	-76.71231	0.097785										
13	14	17	18	-5.333674	0.004667										
13	14	18	19	-3.876216	0.002925										
13	14	19	20	-5.133042	0.009335										
13	14	20	21	0.398538	0.002894										
13	14	21	22	0.437099	0.00483											
13	14	22	23	-0.357422	0.000767										
11	15	19	23	-30.21315	0.007144										
11	15	23	27	-15.08671	0											
11	15	27	31	-2.150871	0.000893										
12	15	18	21	-38.92652	0.023925										
12	15	21	24	-8.342072	0.01616											
12	15	24	27	-6.431204	0											
12	15	27	30	-1.259475	0											
13	15	17	19	-26.51103	0.021584										
13	15	19	21	-12.11653	0.010792										
13	15	21	23	-0.482657	0.005689										
13	15	23	25	-4.653098	0.002202										
13	15	25	27	-0.572527	0.000317										
13	15	27	29	-0.368561	0.000079										
13	15	29	31	-0.39425	0.000389										
14	15	16	17	-169.9675	0.251102										
14	15	17	18	-10.86511	0.007018										
14	15	18	19	-6.390633	0.003039										
14	15	19	20	-6.975418	0.006326										
14	15	20	21	-0.351896	0.002187										
14	15	21	22	0.08368		0.002353											
14	15	22	23	-0.697546	0.000219										
14	15	23	24	-1.399999	0.00031											
12	16	20	24	-17.7533	0.016105										
12	16	24	28	-9.367055	0.002152										
12	16	28	32	-2.265617	0											
13	16	19	22	-24.02909	0.010432										
13	16	22	25	-11.11086	0.004258										
13	16	25	28	-1.266515	0.000376										
13	16	28	31	-1.005303	0.000376										
14	16	18	20	-33.85771	0.015294										
14	16	20	22	-4.240991	0.009034										
14	16	22	24	-5.454122	-0.000008										
14	16	24	26	-4.057964	-0.000004										
14	16	26	28	-0.505354	0.000137										
14	16	28	30	-0.548989	0.000238										
14	16	30	32	-0.463229	0											
15	16	17	18	-28.26134	-0.000375										
15	16	18	19	-12.02978	0.007944										
15	16	19	20	-8.563893	0.004246										
15	16	20	21	-2.707872	0.0026											
15	16	21	22	-1.296197	0.001453										
15	16	22	23	-1.296189	0.00075											
15	16	23	24	-2.073784	0.00075											
15	16	24	25	-2.07642	0.00075											
13	17	21	25	-94.27516	0											
13	17	25	29	-6.3528	0												
14	17	20	23	-89.41827	0.037896										
14	17	23	26	-53.33872	0.015471										
14	17	26	29	-3.551589	0											
14	17	29	32	-3.17909	-0.000001										
15	17	19	21	-165.1774	0.104871										
15	17	21	23	-41.2925	0.016581										
15	17	23	25	-48.01157	0.016581										
15	17	25	27	-3.560568	0											
15	17	27	29	-1.874209	0											
15	17	29	31	-1.858771	0.000897										
16	17	18	19	-158.0909	0.100076										
16	17	19	20	-109.3236	0.050038										
16	17	20	21	-44.60119	0											
16	17	21	22	-22.17169	0											
16	17	22	23	-16.54635	0											
16	17	23	24	-22.88074	0											
16	17	24	25	-20.9789	0											
16	17	25	26	-1.965153	-0.000001										
14	18	22	26	-196.4088	0.047955										
14	18	26	30	-7.755602	0.002119										
15	18	21	24	-260.0916	0											
15	18	24	27	-60.31957	0.018796										
15	18	27	30	-4.93569	0.002034										
16	18	20	22	-424.25		0.169964											
16	18	22	24	-131.4727	0.05204											
16	18	24	26	-55.64649	0.021245										
16	18	26	28	-3.359985	0.001327										
16	18	28	30	-3.386467	0.002299										
16	18	30	32	-2.7109		-0.000001											
17	18	19	20	-974.8174	3.6748											
17	18	20	21	-256.427	0.193067										
17	18	21	22	-102.1248	0.081585										
17	18	22	23	-49.30832	0.034129										
17	18	23	24	-42.84691	0.030252										
17	18	24	25	-30.77724	0.020396										
17	18	25	26	-1.916497	0.00171											
17	18	26	27	-0.997322	0											
15	19	23	27	-179.3514	0.440422										
15	19	27	31	-7.933125	0.020423										
16	19	22	25	-267.7918	0.065418										
16	19	25	28	-9.476261	0											
16	19	28	31	-5.943247	0.001445										
17	19	21	23	-270.8621	0.130137										
17	19	23	25	-122.5847	0.135451										
17	19	25	27	-4.87162	0.0061											
17	19	27	29	-2.043636	0.002753										
17	19	29	31	-2.142233	0.001946										
18	19	20	21	-273.778	0.114322										
18	19	21	22	-82.25831	0											
18	19	22	23	-34.29391	0.016501										
18	19	23	24	-28.41194	0.020209										
18	19	24	25	-20.09415	0.016501										
18	19	25	26	-1.275398	0.001364										
18	19	26	27	-0.669165	0.000631										
18	19	27	28	-0.28683	0.000182										
16	20	24	28	-137.635	0.063907										
16	20	28	32	-11.69921	0.007472										
17	20	23	26	-269.7226	0.117877										
17	20	26	29	-6.021316	0.002604										
17	20	29	32	-6.079938	0.001503										
18	20	22	24	-320.6984	0.18523											
18	20	24	26	-76.32206	0.042872										
18	20	26	28	-2.290799	0.000546										
18	20	28	30	-3.179268	0.002788										
18	20	30	32	-2.372941	0.000546										
19	20	21	22	-801.637	1.977333										
19	20	22	23	-168.2168	0.386796										
19	20	23	24	-89.16346	0.196595										
19	20	24	25	-52.19983	0.108831										
19	20	25	26	-2.618036	0.005626										
19	20	26	27	-1.188041	0.002206										
19	20	27	28	-0.145502	0.000133										
19	20	28	29	-0.966739	0.002008										
17	21	25	29	-17.39704	0.004538										
18	21	24	27	-152.4485	0.060426										
18	21	27	30	-6.103377	0.00267											
19	21	23	25	-352.7834	0.666395										
19	21	25	27	-8.330394	0.015579										
19	21	27	29	-2.260569	0.004967										
19	21	29	31	-4.448294	0.00685											
20	21	22	23	-445.0541	0.325171										
20	21	23	24	-141.1225	0.093869										
20	21	24	25	-69.4777	0.042845										
20	21	25	26	-3.177754	0.00254											
20	21	26	27	-1.381801	0.001159										
20	21	27	28	-0.105341	0.001033										
20	21	28	29	-1.076457	0.001037										
20	21	29	30	-1.351012	0.000423										
18	22	26	30	-15.88144	0.006594										
19	22	25	28	-19.83864	0.079924										
19	22	28	31	-7.686917	0.031156										
20	22	24	26	-209.4158	0.206											
20	22	26	28	-6.990357	0.008069										
20	22	28	30	-3.467237	0.002979										
20	22	30	32	-2.516087	0.001216										
21	22	23	24	-362.5508	0.430618										
21	22	24	25	-130.7347	0.152246										
21	22	25	26	-5.742509	0.007522										
21	22	26	27	-3.10097	0.004904										
21	22	27	28	-2.435593	0.005887										
21	22	28	29	-1.015594	0.001151										
21	22	29	30	0.008667	0.002466										
21	22	30	31	-0.169574	0.001575										
19	23	27	31	-22.31545	0.080628										
20	23	26	29	-25.68215	0.007523										
20	23	29	32	-10.66192	-0.00001										
21	23	25	27	-39.3635	0.031267										
21	23	27	29	-10.86073	0.011784										
21	23	29	31	-4.716491	0.001178										
22	23	24	25	-711.351	0.376241										
22	23	25	26	-21.29909	0.008313										
22	23	26	27	-9.200827	0.003599										
22	23	27	28	-3.878534	0.001799										
22	23	28	29	-3.531363	0.001469										
22	23	29	30	-2.603578	0.001039										
22	23	30	31	-1.953184	0											
22	23	31	32	-2.167555	0											
20	24	28	32	-49.14227	0.026603										
21	24	27	30	-46.18042	0.035567										
22	24	26	28	-60.77372	0.017947										
22	24	28	30	-25.94948	0.008973										
22	24	30	32	-17.20272	0											
23	24	25	26	-94.14218	0.061486										
23	24	26	27	-34.72243	0.021738										
23	24	27	28	-12.94955	0.008874										
23	24	28	29	-11.43347	0.007685										
23	24	29	30	-8.410443	0.005434										
23	24	30	31	-6.35956	0.002218										
23	24	31	32	-6.665897	0.004437										
22	25	28	31	-111.3265	-0.002925										
23	25	27	29	-116.2107	-0.001593										
23	25	29	31	-54.69554	0.018028										
24	25	26	27	-223.9994	-0.012349										
24	25	27	28	-54.65672	0											
24	25	28	29	-37.39066	0											
24	25	29	30	-22.87781	0											
24	25	30	31	-17.0703	0.004366										
24	25	31	32	-16.14995	0.007562										
23	26	29	32	-217.0612	0.049592										
24	26	28	30	-264.675	0.071934										
24	26	30	32	-111.1111	0											
25	26	27	28	-288.4153	0.151421										
25	26	28	29	-143.0276	0.069113										
25	26	29	30	-61.7614	0.021855										
25	26	30	31	-42.57271	0.024435										
25	26	31	32	-35.3885	0.015454										
25	27	29	31	-259.0993	0.102392										
26	27	28	29	-351.6949	0.277715										
26	27	29	30	-93.86151	0.060127										
26	27	30	31	-60.94153	0.034714										
26	27	31	32	-42.7694	0.024546										
26	28	30	32	-317.6151	0.19951											
27	28	29	30	-275.6811	0.080117										
27	28	30	31	-133.4535	0.028325										
27	28	31	32	-80.16626	0.020029										
28	29	30	31	-922.1724	0.934468										
28	29	31	32	-300.6972	0.330384										
29	30	31	32	-917.9105	1.663603										
1	4	2	3	1181.251	0.775904										
2	5	3	4	2452.115	1.541097										
3	6	4	5	1843.887	0.606323										
1	7	3	5	680.4593	0.289517										
4	7	5	6	2638.169	0											
2	8	4	6	866.2513	0.245487										
5	8	6	7	1320.886	0.333724										
3	9	5	7	453.0302	-0.025925										
6	9	7	8	1173.733	-0.103199										
1	10	4	7	367.4834	0.362552										
4	10	6	8	567.439		0.498562											
7	10	8	9	1000.721	0.685718										
2	11	5	8	396.5472	0.153062										
5	11	7	9	811.0732	0.89733											
8	11	9	10	682.4729	0.192218										
3	12	6	9	403.6737	0											
6	12	8	10	703.377		0.525551											
9	12	10	11	566.197		0.237493											
1	13	5	9	296.8708	-0.012024										
4	13	7	10	349.1266	0.444897										
7	13	9	11	196.826		0.091494											
10	13	11	12	1145.232	0.702669										
2	14	6	10	252.767		0												
5	14	8	11	310.0075	0.151359										
8	14	10	12	470.6948	0											
11	14	12	13	2721.655	0.773602										
3	15	7	11	199.9434	0.051242										
6	15	9	12	225.199		0.092326											
9	15	11	13	1013.703	0.795172										
12	15	13	14	609.4075	0											
1	16	6	11	149.1326	0.075896										
4	16	8	12	192.8381	0.164003										
7	16	10	13	309.0145	-0.027944										
10	16	12	14	560.9218	0.328925										
13	16	14	15	2143.321	1.795406										
2	17	7	12	119.2286	-0.005486										
5	17	9	13	91.61176	0.023677										
8	17	11	14	162.0531	0											
11	17	13	15	208.8419	0											
14	17	15	16	791.191		0.275306											
3	18	8	13	115.4526	0.050347										
6	18	10	14	97.88918	0.063826										
9	18	12	15	230.008		0.093623											
12	18	14	16	450.7411	0.124684										
15	18	16	17	875.9433	0.749653										
1	19	7	13	107.1148	0.061656										
4	19	9	14	66.07214	0.07274											
7	19	11	15	101.9837	0.094631										
10	19	13	16	155.3557	0.464463										
13	19	15	17	959.2742	0.665592										
16	19	17	18	1357.226	1.913604										
2	20	8	14	90.86604	0.036156										
5	20	10	15	67.70323	0.039415										
8	20	12	16	92.3218		-0.000932											
11	20	14	17	320.4539	0.092861										
14	20	16	18	950.5275	0.410519										
17	20	18	19	603.4502	1.734191										
3	21	9	15	53.23		0.036812											
6	21	11	16	82.10497	0.07922											
9	21	13	17	197.9055	0.042018										
12	21	15	18	538.5064	0.121336										
15	21	17	19	458.4508	0.241719										
18	21	19	20	2126.27		1.837341											
1	22	8	15	70.45156	0.0175											
4	22	10	16	56.29472	0.084389										
7	22	12	17	139.0824	0.106891										
10	22	14	18	323.1863	0.192752										
13	22	16	19	548.4853	0.36958											
16	22	18	20	469.2504	0.197799										
19	22	20	21	1224.505	3.049965										
2	23	9	16	47.5722		0.014607											
5	23	11	17	114.0887	0.064235										
8	23	13	18	188.253		0.047992											
11	23	15	19	283.0813	0.077759										
14	23	17	20	338.4888	0											
17	23	19	21	562.871		0.341054											
20	23	21	22	1527.935	0.780657										
3	24	10	17	71.18615	0.050685										
6	24	12	18	123.4218	0.123208										
9	24	14	19	175.2855	0.064513										
12	24	16	20	248.8888	0.096404										
15	24	18	21	217.9173	0											
18	24	20	22	667.5488	0.187366										
21	24	22	23	1482.47		0.614569											
1	25	9	17	38.10855	-0.000483										
4	25	11	18	53.44087	0.068483										
7	25	13	19	54.94852	0.046549										
10	25	15	20	97.59179	0.083541										
13	25	17	21	81.1372		0.058533											
16	25	19	22	80.7575		0.038042											
19	25	21	23	376.0685	2.088109										
22	25	23	24	889.9268	0.654618										
2	26	10	18	41.74003	0.013777										
5	26	12	19	53.71487	0.028377										
8	26	14	20	61.97804	0.035253										
11	26	16	21	83.90335	0.035063										
14	26	18	22	70.71715	0											
17	26	20	23	156.0853	0											
20	26	22	24	594.0907	0.357235										
23	26	24	25	1446.358	0.602287										
3	27	11	19	43.26158	0.023956										
6	27	13	20	49.66065	0.037694										
9	27	15	21	75.96549	0.034675										
12	27	17	22	51.86984	0.019662										
15	27	19	23	75.96502	0.029176										
18	27	21	24	365.4377	-0.014389										
21	27	23	25	776.4415	0											
24	27	25	26	734.3828	0.27267											
1	28	10	19	37.1141		-0.000193											
4	28	12	20	47.62626	0											
7	28	14	21	52.40003	0.015582										
10	28	16	22	70.68404	0											
13	28	18	23	72.85501	0											
16	28	20	24	111.0049	0.033701										
19	28	22	25	475.2484	2.264232										
22	28	24	26	787.309		0.43924												
25	28	26	27	858.1434	0.524522										
2	29	11	20	41.02323	0.027386										
5	29	13	21	44.43093	0.057209										
8	29	15	22	50.09932	0.019632										
11	29	17	23	47.8445		0.017735											
14	29	19	24	98.15517	0.068843										
17	29	21	25	251.3405	0.248914										
20	29	23	26	628.163		0.470979											
23	29	25	27	457.8166	0.546311										
26	29	27	28	899.1397	0.633839										
3	30	12	21	38.97584	0.050524										
6	30	14	22	43.17053	0.017738										
9	30	16	23	62.09615	0.04178											
12	30	18	24	72.34414	0.031615										
15	30	20	25	144.3881	0.040926										
18	30	22	26	426.7115	0.102607										
21	30	24	27	538.7562	0.243657										
24	30	26	28	496.367		0												
27	30	28	29	1873.577	0.671404										
1	31	11	21	33.67096	0.008663										
4	31	13	22	33.67422	0.045798										
7	31	15	23	41.96865	0											
10	31	17	24	56.52308	0.014149										
13	31	19	25	118.0972	0											
16	31	21	26	177.9436	-0.005724										
19	31	23	27	403.3748	2.071832										
22	31	25	28	300.0355	-0.018062										
25	31	27	29	683.2647	0											
28	31	29	30	1634.302	-0.202117										
2	32	12	22	29.99464	0											
5	32	14	23	34.4861		0.01858												
8	32	16	24	49.99294	-0.000526										
11	32	18	25	68.99362	0											
14	32	20	26	118.0174	-0.002733										
17	32	22	27	203.1579	-0.010403										
20	32	24	28	285.6277	0.118474										
23	32	26	29	236.2274	0											
26	32	28	30	691.725		0.451145											
29	32	30	31	1614.845	1.177145										
3	4	1	2	-595.1973	0.419823										
4	5	1	2	-188.8925	0.201589										
4	5	2	3	-481.9736	0.54092											
5	6	1	2	-81.17635	0											
5	6	2	3	-87.46851	-0.001097										
5	6	3	4	-1342.909	0.688311										
5	7	1	3	-237.8119	-0.006682										
6	7	1	2	-27.80664	0.010924										
6	7	2	3	-41.4997	0.010924										
6	7	3	4	-236.4288	0.061798										
6	7	4	5	-764.3296	-0.061798										
6	8	2	4	-363.2577	0											
7	8	1	2	-13.8759	0											
7	8	2	3	-20.04291	-0.000108										
7	8	3	4	-65.22923	0.013886										
7	8	4	5	-157.6804	0											
7	8	5	6	-764.8776	-0.111091										
7	9	1	3	-55.21413	-0.002821										
7	9	3	5	-318.0327	0.127669										
8	9	1	2	-9.393425	-0.000042										
8	9	2	3	-11.92623	-0.000085										
8	9	3	4	-32.5182	0.007781										
8	9	4	5	-63.3113	-0.001375										
8	9	5	6	-214.7296	0											
8	9	6	7	-171.4013	0.06225											
7	10	1	4	-155.7133	-0.009799										
8	10	2	4	-46.78178	0.019473										
8	10	4	6	-291.6561	0.077893										
9	10	1	2	-0.667145	0.00028											
9	10	2	3	-0.797391	0.000606										
9	10	3	4	-1.540243	0.000793										
9	10	4	5	-3.142326	0.002049										
9	10	5	6	-10.74731	0.008196										
9	10	6	7	-8.227893	0.005796										
9	10	7	8	-53.43698	0.041473										
8	11	2	5	-114.9641	0.094271										
9	11	1	3	-2.034901	0.003981										
9	11	3	5	-6.072822	0.01182											
9	11	5	7	-26.44943	0.048151										
10	11	1	2	-0.122668	0.000627										
10	11	2	3	-0.441989	0.001297										
10	11	3	4	-0.365943	0.001802										
10	11	4	5	-1.010399	0.003707										
10	11	5	6	-4.296496	0.01231											
10	11	6	7	-3.150392	0.008575										
10	11	7	8	-16.32213	0.052286										
10	11	8	9	-152.4753	0.527662										
9	12	3	6	-31.72476	0											
10	12	2	4	-1.573059	0.000858										
10	12	4	6	-15.53327	-0.000037										
10	12	6	8	-51.09061	-0.001214										
11	12	2	3	-0.385133	0.000213										
11	12	3	4	-0.36484	0.000578										
11	12	4	5	-1.675304	0.000853										
11	12	5	6	-8.530254	0											
11	12	6	7	-5.96899	0.001394										
11	12	7	8	-25.56882	-0.000087										
11	12	8	9	-174.0993	0											
11	12	9	10	-408.1582	0.725038										
9	13	1	5	-17.80488	0											
10	13	1	4	-6.160824	0.002506										
10	13	4	7	-36.31946	0.017363										
11	13	1	3	-2.836075	0.002212										
11	13	3	5	-6.86027	0.003498										
11	13	5	7	-23.35792	0.012516										
11	13	7	9	-299.9903	0.200257										
12	13	3	4	-2.008976	0.001473										
12	13	4	5	-2.807873	0.001647										
12	13	5	6	-5.417946	0.002947										
12	13	6	7	-3.430961	0.001805										
12	13	7	8	-15.9422	0.009321										
12	13	8	9	-84.27423	0.057763										
12	13	9	10	-123.0477	0.033349										
12	13	10	11	-283.4208	0.282982										
10	14	2	6	-31.40234	-0.000228										
11	14	2	5	-10.45617	0.00487											
11	14	5	8	-69.38128	0.019483										
12	14	2	4	-4.17083	0.002413										
12	14	4	6	-10.12227	0.002413										
12	14	6	8	-23.02071	0.006826										
12	14	8	10	-239.4605	0.154477										
13	14	4	5	-1.031186	0.001039										
13	14	5	6	-0.84664	0.000313										
13	14	6	7	-0.434641	0.000156										
13	14	7	8	-3.170278	0.001535										
13	14	8	9	-14.61353	0.007092										
13	14	9	10	-17.45241	0.007092										
13	14	10	11	-33.35678	0.012284										
13	14	11	12	-181.2978	0.133071										
11	15	3	7	-37.83102	0.014302										
12	15	3	6	-16.69492	0.006793										
12	15	6	9	-146.0427	0.076861										
13	15	1	3	-1.306739	0.001011										
13	15	3	5	-4.291022	0.004953										
13	15	5	7	-3.29881	0											
13	15	7	9	-40.87317	0.02707											
13	15	9	11	-110.4752	0.040927										
14	15	5	6	-1.293222	0.000677										
14	15	6	7	-0.729329	0.001192										
14	15	7	8	-4.21962	0.002709										
14	15	8	9	-18.82296	0.011872										
14	15	9	10	-21.43758	0.009693										
14	15	10	11	-37.99571	0.016789										
14	15	11	12	-196.9153	0.094977										
14	15	12	13	-1655.651	0.759816										
12	16	4	8	-45.15743	0.017296										
13	16	1	4	-4.283253	0.004005										
13	16	4	7	-7.68907	0.003469										
13	16	7	10	-101.7583	0.045321										
14	16	2	4	-2.107126	0.001669										
14	16	4	6	-4.123547	0.001112										
14	16	6	8	-7.824004	0.002225										
14	16	8	10	-59.76473	0											
14	16	10	12	-324.8177	0.071219										
15	16	6	7	-0.53661	0											
15	16	7	8	-2.360827	0.00076											
15	16	8	9	-9.667761	0.003725										
15	16	9	10	-9.816922	0.002151										
15	16	10	11	-15.55909	0											
15	16	11	12	-74.55961	0.029807										
15	16	12	13	-348.7146	0.097351										
15	16	13	14	-261.308	0											
13	17	1	5	-9.655713	0.005768										
13	17	5	9	-73.08951	-0.000912										
14	17	2	5	-6.046073	-0.000005										
14	17	5	8	-15.72021	-0.000041										
14	17	8	11	-139.8524	0.030116										
15	17	1	3	-1.210706	0.000287										
15	17	3	5	-2.847042	0											
15	17	5	7	-4.225772	0											
15	17	7	9	-24.73208	0											
15	17	9	11	-42.23061	0											
15	17	11	13	-613.2223	0.147279										
16	17	7	8	-2.906884	0											
16	17	8	9	-9.764665	0.002234										
16	17	9	10	-7.091287	0											
16	17	10	11	-9.708725	0.002234										
16	17	11	12	-43.05815	-0.000558										
16	17	12	13	-145.462	-0.004468										
16	17	13	14	-77.37408	-0.002234										
16	17	14	15	-172.0769	0.050557										
14	18	2	6	-10.79139	0.004276										
14	18	6	10	-91.20278	0.024192										
15	18	3	6	-6.219693	0.002446										
15	18	6	9	-28.53285	0.006918										
15	18	9	12	-164.89		0.039136											
16	18	2	4	-1.30734	0.001075										
16	18	4	6	-3.252766	0											
16	18	6	8	-4.793582	0.001297										
16	18	8	10	-18.88603	0.007337										
16	18	10	12	-56.89684	0.014674										
16	18	12	14	-239.1778	0											
17	18	8	9	-1.41108	0.001717										
17	18	9	10	-0.627975	0.001043										
17	18	10	11	-0.773247	0.001726										
17	18	11	12	-3.380321	0.007511										
17	18	12	13	-11.12938	0.013436										
17	18	13	14	-5.387905	0.005359										
17	18	14	15	-10.96756	0.012153										
17	18	15	16	-28.34495	0.030316										
15	19	3	7	-8.719617	0.029049										
15	19	7	11	-72.6359	0.24194											
16	19	1	4	-2.027086	0.006544										
16	19	4	7	-5.142197	0.016652										
16	19	7	10	-24.13623	0.077416										
16	19	10	13	-224.2454	0.702562										
17	19	1	3	-0.31683	0.001118										
17	19	3	5	-0.555614	0.002158										
17	19	5	7	-1.088344	0.003977										
17	19	7	9	-3.229271	0.012315										
17	19	9	11	-2.521945	0.010565										
17	19	11	13	-24.94849	0.098248										
17	19	13	15	-27.23746	0.104436										
18	19	9	10	-0.536053	0.002407										
18	19	10	11	-0.5809		0.002834											
18	19	11	12	-2.16715	0.011284										
18	19	12	13	-8.238259	0.03246											
18	19	13	14	-4.086688	0.015191										
18	19	14	15	-6.78349	0.025916										
18	19	15	16	-12.40945	0.044282										
18	19	16	17	-155.2093	0.492795										
16	20	4	8	-9.565357	0.00271											
16	20	8	12	-75.33923	0											
17	20	2	5	-0.889772	0.000887										
17	20	5	8	-2.518579	0											
17	20	8	11	-4.389376	-0.000003										
17	20	11	14	-41.49316	0.019302										
18	20	2	4	-0.277119	0.000875										
18	20	4	6	-0.694398	0.000179										
18	20	6	8	-0.798411	0.000311										
18	20	8	10	-1.646586	0.000359										
18	20	10	12	1.913731	0.006503										
18	20	12	14	-23.47544	0.012848										
18	20	14	16	-33.55103	0.021498										
19	20	10	11	0.624449	0.002459										
19	20	11	12	3.991164	0.014815										
19	20	12	13	-6.124162	0.007614										
19	20	13	14	-5.005908	0.009969										
19	20	14	15	-6.643767	0.012039										
19	20	15	16	-7.691499	0.009969										
19	20	16	17	-106.9986	0.200714										
19	20	17	18	-721.7379	1.235574										
17	21	1	5	-1.453197	0.000989										
17	21	5	9	-6.641525	-0.000004										
17	21	9	13	-37.56693	0.009136										
18	21	3	6	-1.278839	0.000856										
18	21	6	9	-3.31793	0											
18	21	9	12	-5.011359	0											
18	21	12	15	-39.09554	0.009134										
19	21	1	3	-0.231416	0.001294										
19	21	3	5	-0.352078	0.000744										
19	21	5	7	-0.663349	0.000851										
19	21	7	9	-1.672575	0.002895										
19	21	9	11	-0.849509	0.000602										
19	21	11	13	-9.389818	0.008798										
19	21	13	15	-11.5441	0.025902										
19	21	15	17	-161.421	0.446652										
20	21	11	12	-4.833287	0.007201										
20	21	12	13	-2.323502	0.0006											
20	21	13	14	0.425024	0.002245										
20	21	14	15	-0.342312	0.001723										
20	21	15	16	-2.591996	0.000848										
20	21	16	17	-43.85313	0.028805										
20	21	17	18	-254.1689	0.133047										
20	21	18	19	-265.5772	0.297502										
18	22	2	6	-1.801966	0.001358										
18	22	6	10	-5.661518	0.002353										
18	22	10	14	-34.12011	0.013312										
19	22	1	4	-0.536938	0.003973										
19	22	4	7	-1.195523	0.006661										
19	22	7	10	-3.393307	0.017861										
19	22	10	13	-15.01497	0.069671										
19	22	13	16	-22.73057	0.117309										
20	22	2	4	-0.275883	0.000387										
20	22	4	6	-0.564661	0.00062											
20	22	6	8	-0.666707	0.000853										
20	22	8	10	-2.523478	0.00422											
20	22	10	12	-9.729857	0.021067										
20	22	12	14	-2.787923	0.002984										
20	22	14	16	-4.168509	0.002027										
20	22	16	18	-421.5721	0.589829										
21	22	12	13	-1.327674	0.000952										
21	22	13	14	0.413727	0.00155											
21	22	14	15	0.009531	0.001001										
21	22	15	16	-1.269789	0.001184										
21	22	16	17	-21.93415	0.026805										
21	22	17	18	-102.4752	0.127399										
21	22	18	19	-87.40434	0.036777										
21	22	19	20	-796.8939	1.060816										
19	23	3	7	-1.932584	0.011058										
19	23	7	11	-5.783497	0.027526										
19	23	11	15	-29.10084	0.132836										
20	23	2	5	-0.75116	0.000745										
20	23	5	8	-1.524929	0.000666										
20	23	8	11	-5.29579	0.005335										
20	23	11	14	-14.09643	0.009981										
20	23	14	17	-88.45653	0.030182										
21	23	3	5	-0.364374	0.000406										
21	23	5	7	-0.532169	0.000419										
21	23	7	9	-1.563414	0.00178											
21	23	9	11	-1.677051	0.00262											
21	23	11	13	-7.390279	0.009194										
21	23	13	15	-0.64929	0.002658										
21	23	15	17	-40.9353	0.036777										
21	23	17	19	-275.769	0.442962										
22	23	13	14	-0.368681	0.000089										
22	23	14	15	-0.719827	0.000356										
22	23	15	16	-1.269702	0.000616										
22	23	16	17	-16.44664	0.009869										
22	23	17	18	-49.60808	0.027914										
22	23	18	19	-35.94051	0											
22	23	19	20	-167.9047	0.064464										
22	23	20	21	-444.528	0.182333										
20	24	4	8	-3.184127	0.00173											
20	24	8	12	-18.33333	0.027254										
20	24	12	16	-17.72803	0											
21	24	3	6	-1.489681	0.001073										
21	24	6	9	-3.435772	0.002421										
21	24	9	12	-8.811538	0.011574										
21	24	12	15	-8.380592	0											
21	24	15	18	-261.1681	0.165646										
22	24	4	6	-0.935049	0.0004											
22	24	6	8	-1.012685	0.000282										
22	24	8	10	-2.221029	0.001265										
22	24	10	12	-3.820066	0.002263										
22	24	12	14	-5.344056	0.001959										
22	24	14	16	-5.456171	0.0016											
22	24	16	18	-131.9211	0.03621											
22	24	18	20	-322.1861	0.072421										
23	24	14	15	-1.422458	0.000883										
23	24	15	16	-2.044034	0.001478										
23	24	16	17	-22.75965	0.015489										
23	24	17	18	-43.08131	0.025294										
23	24	18	19	-29.04566	0.01673											
23	24	19	20	-89.37217	0.050589										
23	24	20	21	-141.1624	0.087622										
23	24	21	22	-363.7141	0.247834										
21	25	1	5	-1.86573	0.001159										
21	25	5	9	-6.619024	0.005353										
21	25	9	13	-19.63445	0.018545										
21	25	13	17	-94.06475	0.047884										
22	25	1	4	-1.018489	0											
22	25	4	7	-2.353561	0.00074											
22	25	7	10	-4.946747	0.002342										
22	25	10	13	-12.85772	0.005131										
22	25	13	16	-11.17604	0.00419											
22	25	16	19	-269.1016	0.094811										
23	25	5	7	-1.447633	0.0009											
23	25	7	9	-3.061555	0.001973										
23	25	9	11	-1.722965	0.001065										
23	25	11	13	-8.821431	0.00558											
23	25	13	15	-4.719884	0.00279											
23	25	15	17	-47.77374	0.031569										
23	25	17	19	-123.4849	0.081511										
23	25	19	21	-352.3053	0.178581										
24	25	15	16	-2.052685	0.001407										
24	25	16	17	-20.87468	0.014738										
24	25	17	18	-30.87868	0.020843										
24	25	18	19	-20.37988	0.008509										
24	25	19	20	-52.35243	0.031839										
24	25	20	21	-69.38551	0.041687										
24	25	21	22	-130.9114	0.090056										
24	25	22	23	-710.5796	0.385096										
22	26	2	6	-2.625556	0											
22	26	6	10	-6.040942	0.001581										
22	26	10	14	-15.81458	0.004473										
22	26	14	18	-197.0287	-0.004473										
23	26	2	5	-1.18844	0											
23	26	5	8	-2.664052	-0.000001										
23	26	8	11	-4.171128	0.001108										
23	26	11	14	-11.35657	0.003135										
23	26	14	17	-53.11453	0											
23	26	17	20	-271.0244	0											
24	26	6	8	-0.984508	0.000283										
24	26	8	10	-1.826876	0.000567										
24	26	10	12	-2.44096	0											
24	26	12	14	-4.213813	0											
24	26	14	16	-4.051425	0.001135										
24	26	16	18	-55.62168	0											
24	26	18	20	-76.6476	0											
24	26	20	22	-209.1791	0											
25	26	16	17	-1.96253	0											
25	26	17	18	-1.907503	0.000491										
25	26	18	19	-1.273492	0											
25	26	19	20	-2.627575	0											
25	26	20	21	-3.170314	-0.000002										
25	26	21	22	-5.714365	0											
25	26	22	23	-21.27107	0											
25	26	23	24	-94.16272	0											
23	27	3	7	-2.725851	0.000766										
23	27	7	11	-5.525215	0.001532										
23	27	11	15	-15.15075	0.004333										
23	27	15	19	-179.5557	-0.004333										
24	27	3	6	-1.280783	0											
24	27	6	9	-2.564803	0											
24	27	9	12	-3.180703	0.001304										
24	27	12	15	-6.432752	0.001506										
24	27	15	18	-60.25198	0.017047										
24	27	18	21	-152.4732	0.034095										
25	27	7	9	-0.530857	0											
25	27	9	11	-0.21699	0.000086										
25	27	11	13	-1.047695	0.000243										
25	27	13	15	-0.566919	0.000172										
25	27	15	17	-3.529986	-0.000002										
25	27	17	19	-4.852729	-0.000005										
25	27	19	21	-8.369588	-0.000021										
25	27	21	23	-39.19126	-0.000344										
26	27	17	18	-1.01846	0.000755										
26	27	18	19	-0.671588	0.000511										
26	27	19	20	-1.203824	0.000435										
26	27	20	21	-1.38947	0.000689										
26	27	21	22	-3.072255	0.002757										
26	27	22	23	-9.190064	0.006975										
26	27	23	24	-34.6855	0.022058										
26	27	24	25	-222.4788	0.096655										
24	28	4	8	-2.294595	0											
24	28	8	12	-4.931073	0.001209										
24	28	12	16	-9.358721	0											
24	28	16	20	-137.9287	0.038711										
25	28	1	4	-0.266253	0.000804										
25	28	4	7	-0.477507	0.000483										
25	28	7	10	-0.838376	0.000268										
25	28	10	13	-1.467319	0.000758										
25	28	13	16	-1.256631	0											
25	28	16	19	-9.415505	0.003035										
25	28	19	22	-19.77692	0.004293										
26	28	8	10	-0.337232	0.000206										
26	28	10	12	-0.332907	0.000333										
26	28	12	14	-0.585761	0.000184										
26	28	14	16	-0.503827	0.000261										
26	28	16	18	-3.347358	0.001653										
26	28	18	20	-2.314833	0.000522										
26	28	20	22	-6.964294	0.004676										
26	28	22	24	-60.73687	0.033459										
27	28	18	19	-0.29388	0.000365										
27	28	19	20	-0.157748	0.000522										
27	28	20	21	-0.1278		0.000782											
27	28	21	22	-2.362435	0.003188										
27	28	22	23	-3.86799	0.00299											
27	28	23	24	-12.94695	0.010202										
27	28	24	25	-54.2866	0.02499											
27	28	25	26	-287.3944	0.199924										
25	29	1	5	-0.526142	0.000923										
25	29	5	9	-1.407218	0											
25	29	9	13	-2.106397	0.001377										
25	29	13	17	-6.294946	0.002463										
25	29	17	21	-17.43122	0											
26	29	2	5	-0.289995	0.000906										
26	29	5	8	-0.524755	0.000233										
26	29	8	11	-0.657697	0.000659										
26	29	11	14	-1.322515	0.001437										
26	29	14	17	-3.516244	0.002948										
26	29	17	20	-6.019824	0.003956										
26	29	20	23	-25.56473	0.02359											
27	29	9	11	-0.16897	0.000348										
27	29	11	13	-0.686688	0.000917										
27	29	13	15	-0.352583	0.000138										
27	29	15	17	-1.845157	0.001749										
27	29	17	19	-2.004192	0.001807										
27	29	19	21	-2.286288	0.000638										
27	29	21	23	-10.76578	0.010843										
27	29	23	25	-115.8989	0.086751										
28	29	19	20	-0.978771	0.00113											
28	29	20	21	-1.016003	0.000553										
28	29	21	22	-1.043529	0.001258										
28	29	22	23	-3.495759	0.003383										
28	29	23	24	-11.34327	0.010851										
28	29	24	25	-37.03668	0.033932										
28	29	25	26	-142.731	0.141763										
28	29	26	27	-353.97		0.542913											
26	30	2	6	-0.721968	0.002052										
26	30	6	10	-1.120437	0.000293										
26	30	10	14	-1.947859	0.002381										
26	30	14	18	-7.618043	0.008124										
26	30	18	22	-15.63748	0.014833										
27	30	3	6	-0.479463	0.00162											
27	30	6	9	-0.698399	0.00078											
27	30	9	12	-0.66098	0.001365										
27	30	12	15	-1.201863	0.000275										
27	30	15	18	-4.817113	0.004809										
27	30	18	21	-5.666369	0.008403										
27	30	21	24	-45.93485	0.027915										
28	30	10	12	-0.410165	0.001328										
28	30	12	14	-0.630609	0.000289										
28	30	14	16	-0.51842	0.000251										
28	30	16	18	-3.242804	0.00338											
28	30	18	20	-2.906503	0.00485											
28	30	20	22	-3.483243	0.001159										
28	30	22	24	-25.43011	0.017352										
28	30	24	26	-259.9161	0.181756										
29	30	20	21	-1.157469	0.004533										
29	30	21	22	-0.283653	0.002769										
29	30	22	23	-2.523433	0.003883										
29	30	23	24	-8.067131	0.01411											
29	30	24	25	-21.73094	0.040211										
29	30	25	26	-58.46228	0.120335										
29	30	26	27	-87.50218	0.194531										
29	30	27	28	-255.1837	0.535999										
27	31	3	7	-0.752082	0.000302										
27	31	7	11	-1.171187	0.000493										
27	31	11	15	-2.154769	0.000698										
27	31	15	19	-7.937637	0.003422										
27	31	19	23	-22.29266	0.007903										
28	31	1	4	-0.250847	0.000397										
28	31	4	7	-0.498866	0											
28	31	7	10	-0.817265	0.000311										
28	31	10	13	-1.235817	0.000623										
28	31	13	16	-0.999568	0.000509										
28	31	16	19	-5.951413	0.002037										
28	31	19	22	-7.677541	0.002881										
28	31	22	25	-111.1739	0.032605										
29	31	11	13	-0.718483	0.001308										
29	31	13	15	-0.392519	0.000763										
29	31	15	17	-1.887078	0.003608										
29	31	17	19	-2.203764	0.004419										
29	31	19	21	-4.377764	0.007756										
29	31	21	23	-4.847397	0.010118										
29	31	23	25	-54.61223	0.103948										
29	31	25	27	-259.7942	0.500131										
30	31	21	22	0.022648	0.00041											
30	31	22	23	-2.050788	0.002038										
30	31	23	24	-6.70394	0.005955										
30	31	24	25	-18.00711	0.015757										
30	31	25	26	-45.86171	0.039507										
30	31	26	27	-67.51679	0.055871										
30	31	27	28	-152.5919	0.130488										
30	31	28	29	-898.9191	0.830762										
28	32	4	8	-0.988014	0											
28	32	8	12	-1.495294	0.000412										
28	32	12	16	-2.264303	0											
28	32	16	20	-11.72352	0											
28	32	20	24	-49.17978	0.013188										
29	32	2	5	-0.271119	0.000139										
29	32	5	8	-0.617045	0.001052										
29	32	8	11	-0.687642	0.000922										
29	32	11	14	-1.328015	0.001844										
29	32	14	17	-3.209056	0.004718										
29	32	17	20	-6.159904	0.007917										
29	32	20	23	-10.71706	0.015196										
29	32	23	26	-217.9384	0.307552										
30	32	12	14	-0.595481	0.000375										
30	32	14	16	-0.491865	0.000622										
30	32	16	18	-2.869844	0.002251										
30	32	18	20	-2.664517	0.001678										
30	32	20	22	-2.52268	0.002251										
30	32	22	24	-17.68603	0.014079										
30	32	24	26	-116.0442	0.096058										
30	32	26	28	-345.7394	0.235294										
31	32	22	23	-2.179651	0.000597										
31	32	23	24	-6.706323	0.00169											
31	32	24	25	-16.17869	-0.000037										
31	32	25	26	-35.73765	0											
31	32	26	27	-43.33003	-0.000298										
31	32	27	28	-81.52175	-0.000597										
31	32	28	29	-300.4707	-0.009563										
31	32	29	30	-927.6027	0.306042										
2	3	1	4	1154.734	0.344907										
3	4	2	5	2478.615	1.150903										
3	5	1	7	688.9481	0.407896										
4	5	3	6	1833.827	1.331094										
4	6	2	8	869.355		1.295903											
5	6	4	7	2651.456	1.9487											
4	7	1	10	366.1667	0.30492											
5	7	3	9	451.6765	0.145613										
6	7	5	8	1305.038	0											
5	8	2	11	396.3464	0.155464										
6	8	4	10	563.7728	0.205113										
7	8	6	9	1181.163	0.274056										
5	9	1	13	294.0445	0											
6	9	3	12	402.3956	0.277074										
7	9	5	11	804.4339	0.229833										
8	9	7	10	1002.212	0.73465											
6	10	2	14	252.6907	0.150065										
7	10	4	13	345.6441	0.126638										
8	10	6	12	699.1385	0.287155										
9	10	8	11	666.4753	0.606671										
6	11	1	16	148.5341	0.107365										
7	11	3	15	199.0431	0.144262										
8	11	5	14	310.2184	0.394184										
9	11	7	13	200.7566	0.300803										
10	11	9	12	569.5759	2.232104										
7	12	2	17	118.6828	0.032197										
8	12	4	16	191.7722	0.045762										
9	12	6	15	225.8679	0.05957											
10	12	8	14	472.6763	0											
11	12	10	13	1141.481	0.299029										
7	13	1	19	107.1734	-0.002778										
8	13	3	18	115.365		0.056459											
9	13	5	17	91.49404	0.052365										
10	13	7	16	307.3886	0.290783										
11	13	9	15	1007.774	1.140142										
12	13	11	14	2715.915	2.743138										
8	14	2	20	90.48936	0											
9	14	4	19	66.70911	0.01622											
10	14	6	18	98.56963	0											
11	14	8	17	161.8167	0.053877										
12	14	10	16	560.1337	0.380134										
13	14	12	15	611.1141	0.652443										
8	15	1	22	70.49008	0.03925											
9	15	3	21	53.36369	0.025383										
10	15	5	20	67.86276	0.033959										
11	15	7	19	102.9882	0.076612										
12	15	9	18	230.8211	0.141237										
13	15	11	17	210.2268	0.164882										
14	15	13	16	2145.056	2.337919										
9	16	2	23	47.73315	0											
10	16	4	22	56.43637	0.023044										
11	16	6	21	82.5256		0.055911											
12	16	8	20	93.91364	0.049302										
13	16	10	19	157.1087	0.129368										
14	16	12	18	454.183		0.305067											
15	16	14	17	786.8732	1.686953										
9	17	1	25	38.18361	0											
10	17	3	24	71.28183	0											
11	17	5	23	114.0539	-0.002431										
12	17	7	22	139.4244	0.055923										
13	17	9	21	198.7928	0.079454										
14	17	11	20	321.8829	0											
15	17	13	19	956.3267	-0.083868										
16	17	15	18	875.8127	0.228644										
10	18	2	26	41.77102	0.012367										
11	18	4	25	53.34597	0.022362										
12	18	6	24	123.4769	0.088513										
13	18	8	23	188.2225	0.104886										
14	18	10	22	323.4778	0.100843										
15	18	12	21	539.6959	0.153211										
16	18	14	20	951.0415	0.664442										
17	18	16	19	1371.04		10.00997											
10	19	1	28	37.15882	0.205907										
11	19	3	27	43.26325	0.104722										
12	19	5	26	53.49511	0.085141										
13	19	7	25	55.01469	0.125332										
14	19	9	24	174.6296	0.414612										
15	19	11	23	280.9558	1.065509										
16	19	13	22	542.1058	1.302495										
17	19	15	21	433.1039	1.022386										
18	19	17	20	511.1466	0.258024										
11	20	2	29	41.05801	0.010693										
12	20	4	28	47.43391	0.026671										
13	20	6	27	49.62524	0.010591										
14	20	8	26	61.94016	0.024587										
15	20	10	25	97.57676	0.027368										
16	20	12	24	248.9903	0.102474										
17	20	14	23	338.5766	0.207421										
18	20	16	22	469.1049	0.291946										
19	20	18	21	1954.117	2.014906										
11	21	1	31	33.69937	0.011408										
12	21	3	30	38.71		0.029098											
13	21	5	29	44.35337	0											
14	21	7	28	52.41226	0.018611										
15	21	9	27	75.90499	0											
16	21	11	26	83.78906	0.023324										
17	21	13	25	81.15647	0.018373										
18	21	15	24	218.1458	0.096552										
19	21	17	23	562.3478	0.992314										
20	21	19	22	1209.594	0.799888										
12	22	2	32	29.97776	0.024627										
13	22	4	31	33.56679	0.032808										
14	22	6	30	43.02158	0.037712										
15	22	8	29	50.1199		0.041342											
16	22	10	28	70.69522	0.055677										
17	22	12	27	51.81766	0.048771										
18	22	14	26	70.72814	0.046709										
19	22	16	25	78.46749	0.284453										
20	22	18	24	667.3404	0.798726										
21	22	20	23	1525.341	1.789456										
14	23	5	32	34.30443	0.013337										
15	23	7	31	41.93638	0.012378										
16	23	9	30	61.87397	0.017716										
17	23	11	29	47.88407	0.0186											
18	23	13	28	72.88854	0											
19	23	15	27	74.56		0.208421											
20	23	17	26	155.0839	0.113525										
21	23	19	25	381.9823	0.187218										
22	23	21	24	1483.926	0.569191										
16	24	8	32	49.98964	0.02549											
17	24	10	31	56.47852	0.021214										
18	24	12	30	72.16899	0											
19	24	14	29	97.09603	0.373685										
20	24	16	28	110.9401	0.064741										
21	24	18	27	366.4782	0.326704										
22	24	20	26	595.126		0.312755											
23	24	22	25	889.6026	0.616216										
18	25	11	32	69.06653	0.029684										
19	25	13	31	117.2428	1.209809										
20	25	15	30	144.3251	0.123532										
21	25	17	29	251.6783	0.198497										
22	25	19	28	478.8423	0.186106										
23	25	21	27	777.917		0.568291											
24	25	23	26	1451.136	1.404996										
20	26	14	32	118.2569	0.050667										
21	26	16	31	177.6133	0.068105										
22	26	18	30	425.5929	0.09372											
23	26	20	29	629.5315	0.210897										
24	26	22	28	787.5905	0.292404										
25	26	24	27	735.0214	0.282186										
22	27	17	32	202.7393	0											
23	27	19	31	403.663		0.09879												
24	27	21	30	536.541		0.194047											
25	27	23	29	459.1798	-0.042946										
26	27	25	28	859.444		0.595592											
24	28	20	32	285.7388	0.100565										
25	28	22	31	299.3386	0.09767											
26	28	24	30	492.4003	0.34199											
27	28	26	29	897.9428	0.634754										
26	29	23	32	235.3721	0.178302										
27	29	25	31	678.4167	0.317562										
28	29	27	30	1876.027	2.163287										
28	30	26	32	689.9643	0.984312										
29	30	28	31	1631.043	3.444332										
30	31	29	32	1611.245	-0.160296										
															
															
															
															
															
															
															
															
															
															
															
															
															
															
															
															
															
															
															
															
															
															
															
															
															
															
															
															
															
															
															
															
															
															
															
															
															
															
															
															
															
															
															
															
															
															
															
															
															
															
															
															
															
															
															
															
															
															
															
															
															
															
															
															
															
															
															
															
