32#	Number	of	sensors
#x	z			
0	0.06			
0.1	0.15			
0.15	0.2			
0.24	0.22			
0.36	0.22			
0.43	0.19			
0.51	0.13			
0.57	0.04			
0.74	0.04			
0.82	0.12			
0.93	0.19			
1	0.23			
1.1	0.22			
1.19	0.17			
1.24	0.11			
1.33	0.02			
1.5	0.02			
1.56	0.11			
1.63	0.15			
1.68	0.2			
1.85	0.21			
1.93	0.15			
2	0.1			
2.08	0.04			
2.22	0.05			
2.33	0.12			
2.39	0.2			
2.46	0.25			
2.59	0.26			
2.66	0.2			
2.72	0.13			
2.79	0.04			
1342#	Number	of	data					
#a	b	m	n	R	err			
1	2	3	4	-217.9406 0.057114
1	2	4	5	-165.8740 0.098925
1	2	5	6	-33.92591 0.017487
1	2	6	7	-22.25052 0.014278
1	2	7	8	-10.86500 0.005048
1	2	8	9	-3.804165 0.001262
1	2	9	10	-0.319683 0.000157
1	2	10	11	-0.272208 0.000078
1	3	5	7	-137.2888 0.039982
1	3	7	9	-31.29158 0.007068
1	3	9	11	-1.138422 0.000624
1	3	11	13	-2.392035 0.000624
1	3	13	15	-0.957753 0.000312
1	3	15	17	-0.776962 -0.000000
1	3	17	19	-0.297490 0.0000000
1	3	19	21	-0.228994 0.000123
2	3	4	5	-383.6364 -0.033779
2	3	5	6	-50.76156 0.016889
2	3	6	7	-30.46545 0.008444
2	3	7	8	-12.63992 -0.000032
2	3	8	9	-3.987265 -0.000004
2	3	9	10	-0.295016 0.0000000
2	3	10	11	-0.251241 0.000065
2	3	11	12	-0.459484 0.0000000
1	4	7	10	-81.10609 0.019525
1	4	10	13	-6.288304 0.0000000
1	4	13	16	-3.056446 -0.000002
1	4	16	19	-1.305550 -0.000000
1	4	19	22	-0.675827 -0.000000
1	4	22	25	-0.743855 0.000215
1	4	25	28	-0.295742 0.000076
1	4	28	31	-0.243427 0.000093
2	4	6	8	-191.7737 0.0000000
2	4	8	10	-15.66262 0.003633
2	4	10	12	-2.367329 0.0000000
2	4	12	14	-3.098637 0.0000000
2	4	14	16	-1.667597 0.0000000
2	4	16	18	-0.755545 -0.000000
2	4	18	20	-0.370517 -0.000000
2	4	20	22	-0.345430 0.000139
3	4	5	6	-223.6860 0.112716
3	4	6	7	-110.8729 0.028179
3	4	7	8	-37.82486 0.026359
3	4	8	9	-10.66527 0.003522
3	4	9	10	-0.711757 0.000155
3	4	10	11	-0.594249 0.000220
3	4	11	12	-1.061372 0.0000000
3	4	12	13	-1.714046 0.000622
1	5	9	13	-16.71617 -0.000106
1	5	13	17	-7.388345 0.0000000
1	5	17	21	-2.104068 0.000604
1	5	21	25	-1.839237 -0.000002
1	5	25	29	-0.762180 0.000213
2	5	8	11	-47.10175 -0.000993
2	5	11	14	-11.41250 -0.000031
2	5	14	17	-5.025222 -0.000007
2	5	17	20	-1.385066 -0.000000
2	5	20	23	-1.284853 -0.000000
2	5	23	26	-0.940496 0.0000000
2	5	26	29	-0.460077 -0.000000
2	5	29	32	-0.342976 0.000087
3	5	7	9	-197.9946 0.246961
3	5	9	11	-4.411593 0.001091
3	5	11	13	-8.770943 0.003087
3	5	13	15	-3.193743 0.001725
3	5	15	17	-2.454149 0.000945
3	5	17	19	-0.896143 0.000334
3	5	19	21	-0.680118 0.000272
3	5	21	23	-0.725211 0.000192
4	5	6	7	-431.1560 0.102447
4	5	7	8	-122.4607 0.130595
4	5	8	9	-27.48498 0.0000000
4	5	9	10	-1.718860 0.000400
4	5	10	11	-1.387799 0.000400
4	5	11	12	-2.486740 0.0000000
4	5	12	13	-3.503092 0.001131
4	5	13	14	-0.795037 0.000346
2	6	10	14	-25.10572 -0.000076
2	6	14	18	-8.860649 0.0000000
2	6	18	22	-2.532028 -0.000002
2	6	22	26	-2.175127 0.0000000
2	6	26	30	-0.897049 0.0000000
3	6	9	12	-17.04383 0.005082
3	6	12	15	-14.98832 0.0000000
3	6	15	18	-4.912902 0.001270
3	6	18	21	-1.822797 0.0000000
3	6	21	24	-1.753513 -0.000000
3	6	24	27	-0.884474 -0.000000
3	6	27	30	-0.629804 -0.000000
4	6	8	10	-90.95229 0.055959
4	6	10	12	-10.06491 0.003831
4	6	12	14	-9.569170 0.004423
4	6	14	16	-4.426505 0.002473
4	6	16	18	-2.007895 0.000782
4	6	18	20	-0.953166 0.000391
4	6	20	22	-0.860102 0.0000000
4	6	22	24	-0.987392 0.000276
5	6	7	8	-409.9044 0.735895
5	6	8	9	-58.89997 0.038008
5	6	9	10	-2.889816 -0.000000
5	6	10	11	-2.257808 0.001269
5	6	11	12	-3.938860 0.000897
5	6	12	13	-4.498600 0.002199
5	6	13	14	-0.774567 0.000317
5	6	14	15	-1.298939 0.000549
3	7	11	15	-31.42915 0.007339
3	7	15	19	-7.325626 0.003177
3	7	19	23	-3.001647 0.001123
3	7	23	27	-1.935802 0.000648
3	7	27	31	-0.985707 0.000397
4	7	10	13	-28.10885 0.0000000
4	7	13	16	-7.871500 0.002003
4	7	16	19	-3.624192 0.0000000
4	7	19	22	-1.758317 -0.000000
4	7	22	25	-1.869900 -0.000000
4	7	25	28	-0.715389 0.000177
4	7	28	31	-0.590992 -0.000000
5	7	9	11	-10.70238 0.008167
5	7	11	13	-16.15949 0.010186
5	7	13	15	-3.306129 0.001361
5	7	15	17	-2.892088 0.001667
5	7	17	19	-1.082402 0.000589
5	7	19	21	-0.784657 0.000416
5	7	21	23	-0.808965 0.000538
5	7	23	25	-0.706222 0.000416
6	7	8	9	-69.10127 0.067384
6	7	9	10	-3.230351 0.002306
6	7	10	11	-2.316600 0.001960
6	7	11	12	-3.910732 0.003262
6	7	12	13	-3.802829 0.003262
6	7	13	14	-0.403406 0.000096
6	7	14	15	-0.822910 0.000470
6	7	15	16	-0.645225 0.000508
4	8	12	16	-31.81570 0.007443
4	8	16	20	-6.161772 0.002278
4	8	20	24	-3.615950 0.000930
4	8	24	28	-1.629415 0.0000000
4	8	28	32	-1.036222 0.000402
5	8	11	14	-33.93704 0.0000000
5	8	14	17	-9.411615 0.002635
5	8	17	20	-2.428461 0.000931
5	8	20	23	-2.003961 0.000465
5	8	23	26	-1.423128 0.0000000
5	8	26	29	-0.669322 -0.000000
5	8	29	32	-0.499699 -0.000000
6	8	10	12	-19.86725 0.017009
6	8	12	14	-12.95164 0.010548
6	8	14	16	-4.859483 0.003729
6	8	16	18	-2.221536 0.001667
6	8	18	20	-0.979316 0.000780
6	8	20	22	-0.818402 0.000659
6	8	22	24	-0.940057 0.000859
6	8	24	26	-0.506706 0.000466
7	8	9	10	-10.49572 0.009737
7	8	10	11	-5.793969 0.003159
7	8	11	12	-7.863653 0.003159
7	8	12	13	-7.626922 0.003869
7	8	13	14	-1.130118 0.000394
7	8	14	15	-1.943005 0.001117
7	8	15	16	-1.455381 0.000883
7	8	16	17	-0.996859 0.000483
5	9	13	17	-29.88530 -0.000209
5	9	17	21	-5.681550 0.0000000
5	9	21	25	-4.024540 0.0000000
5	9	25	29	-1.463199 0.0000000
6	9	12	15	-56.13584 0.051676
6	9	15	18	-12.61621 0.009908
6	9	18	21	-3.130988 0.002598
6	9	21	24	-2.596697 0.001997
6	9	24	27	-1.176264 0.000998
6	9	27	30	-0.793040 0.000649
7	9	11	13	-80.17944 -0.008206
7	9	13	15	-13.79902 0.0000000
7	9	15	17	-9.890892 -0.000064
7	9	17	19	-2.371548 -0.000004
7	9	19	21	-1.443460 0.000362
7	9	21	23	-1.386733 -0.000001
7	9	23	25	-1.120480 0.0000000
7	9	25	27	-0.437692 0.0000000
8	9	10	11	-43.43501 0.067686
8	9	11	12	-35.04397 0.034173
8	9	12	13	-29.69186 0.029972
8	9	13	14	-4.087525 0.003350
8	9	14	15	-6.645076 0.006489
8	9	15	16	-4.777780 0.005164
8	9	16	17	-2.659448 0.002582
8	9	17	18	-0.866141 0.000888
6	10	14	18	-36.42930 0.030783
6	10	18	22	-5.134908 0.003480
6	10	22	26	-3.494013 0.002170
6	10	26	30	-1.218629 0.000580
7	10	13	16	-36.41188 0.014408
7	10	16	19	-9.126171 0.0000000
7	10	19	22	-2.806614 0.000735
7	10	22	25	-2.541435 0.000735
7	10	25	28	-0.800424 -0.000000
7	10	28	31	-0.631482 0.000259
8	10	12	14	-78.71022 0.019965
8	10	14	16	-23.18145 0.0000000
8	10	16	18	-6.140385 0.001764
8	10	18	20	-1.899353 0.0000000
8	10	20	22	-1.437130 0.0000000
8	10	22	24	-1.397147 0.000311
8	10	24	26	-0.650875 0.000220
8	10	26	28	-0.313924 0.0000000
9	10	11	12	-76.17572 0.099176
9	10	12	13	-40.22836 0.055865
9	10	13	14	-4.630607 0.006316
9	10	14	15	-7.026340 0.010170
9	10	15	16	-4.717200 0.007293
9	10	16	17	-2.076900 0.003099
9	10	17	18	-0.535993 0.000872
9	10	18	19	-0.486805 0.000752
7	11	15	19	-34.41245 0.0000000
7	11	19	23	-5.403200 0.002137
7	11	23	27	-2.685193 0.0000000
7	11	27	31	-1.111204 0.000377
8	11	14	17	-55.15922 0.013560
8	11	17	20	-5.127198 0.001695
8	11	20	23	-3.450207 0.002075
8	11	23	26	-1.872975 0.001121
8	11	26	29	-0.697700 0.000299
8	11	29	32	-0.496672 0.000259
9	11	13	15	-36.77658 0.021824
9	11	15	17	-19.63631 0.017595
9	11	17	19	-2.556911 0.002515
9	11	19	21	-1.323126 0.001011
9	11	21	23	-1.251771 0.001141
9	11	23	25	-0.860421 0.000715
9	11	25	27	-0.267175 0.000241
9	11	27	29	-0.244032 0.000208
10	11	12	13	-134.8108 0.157307
10	11	13	14	-10.68989 0.010363
10	11	14	15	-14.47985 0.013904
10	11	15	16	-9.434580 0.013312
10	11	16	17	-3.433778 0.004777
10	11	17	18	-0.798282 0.001194
10	11	18	19	-0.737239 0.001024
10	11	19	20	-0.293359 0.000315
8	12	16	20	-27.92769 0.0000000
8	12	20	24	-8.568872 0.002871
8	12	24	28	-2.431974 0.000717
8	12	28	32	-1.270645 0.0000000
9	12	15	18	-63.50969 0.013693
9	12	18	21	-6.486561 0.0000000
9	12	21	24	-4.611960 0.001210
9	12	24	27	-1.493960 0.000427
9	12	27	30	-0.824623 -0.000000
10	12	14	16	-105.9652 0.122040
10	12	16	18	-16.27023 0.027363
10	12	18	20	-3.624324 0.004207
10	12	20	22	-3.177309 0.004207
10	12	22	24	-2.560657 0.003230
10	12	24	26	-1.027930 0.001433
10	12	26	28	-0.439097 0.000562
10	12	28	30	-0.448271 0.000486
11	12	13	14	-41.74349 0.011154
11	12	14	15	-51.62274 0.029512
11	12	15	16	-30.60449 0.023662
11	12	16	17	-9.887287 0.011154
11	12	17	18	-2.174517 0.002148
11	12	18	19	-1.960282 0.001777
11	12	19	20	-0.634963 0.000348
11	12	20	21	-1.347095 0.001045
9	13	17	21	-28.97535 0.0000000
9	13	21	25	-12.32665 0.003130
9	13	25	29	-2.690951 0.0000000
10	13	16	19	-68.22359 0.153413
10	13	19	22	-11.71935 0.008341
10	13	22	25	-8.255040 0.006305
10	13	25	28	-1.869462 0.001365
10	13	28	31	-1.364912 0.000788
11	13	15	17	-247.0360 0.493408
11	13	17	19	-17.35345 0.024894
11	13	19	21	-7.725308 0.009806
11	13	21	23	-6.159632 0.008492
11	13	23	25	-4.047534 0.005420
11	13	25	27	-1.163122 0.001582
11	13	27	29	-1.017345 0.001355
11	13	29	31	-0.667425 0.000791
12	13	14	15	-498.7919 0.505868
12	13	15	16	-170.5968 0.232335
12	13	16	17	-36.13653 0.094520
12	13	17	18	-6.901742 0.008383
12	13	18	19	-6.322361 0.007393
12	13	19	20	-2.921214 0.002964
12	13	20	21	-2.821286 0.002880
12	13	21	22	-1.868746 0.001848
10	14	18	22	-26.37936 -0.000347
10	14	22	26	-10.63332 0.0000000
10	14	26	30	-2.511746 0.0000000
11	14	17	20	-28.38102 0.018641
11	14	20	23	-12.19070 0.007045
11	14	23	26	-5.698806 0.003295
11	14	26	29	-1.755171 0.000984
11	14	29	32	-1.198330 0.000539
12	14	16	18	-64.80003 0.209307
12	14	18	20	-13.66119 0.010976
12	14	20	22	-5.920185 0.004964
12	14	22	24	-5.049693 0.004218
12	14	24	26	-1.995134 0.001755
12	14	26	28	-0.813192 0.000620
12	14	28	30	-0.811738 0.000547
12	14	30	32	-0.499359 0.000386
13	14	15	16	-157.2167 0.178016
13	14	16	17	-19.01213 0.048800
13	14	17	18	-3.045823 0.003211
13	14	18	19	-2.837823 0.002502
13	14	19	20	-1.578048 0.001423
13	14	20	21	-0.791939 0.000606
13	14	21	22	-0.434602 0.000321
13	14	22	23	-0.633628 0.000547
11	15	19	23	-25.05939 0.006294
11	15	23	27	-8.440159 -0.000024
11	15	27	31	-2.621169 -0.000003
12	15	18	21	-29.01962 0.014900
12	15	21	24	-10.98303 0.004301
12	15	24	27	-3.507322 0.000760
12	15	27	30	-1.758125 0.000380
13	15	17	19	-19.65805 0.033278
13	15	19	21	-7.546155 0.011185
13	15	21	23	-3.621653 0.005349
13	15	23	25	-2.554492 0.003648
13	15	25	27	-0.670794 0.000923
13	15	27	29	-0.567937 0.000763
13	15	29	31	-0.365566 0.000432
14	15	16	17	-53.00229 0.266150
14	15	17	18	-7.192323 0.008931
14	15	18	19	-6.588521 0.007571
14	15	19	20	-3.232235 0.003349
14	15	20	21	-1.946945 0.002012
14	15	21	22	-1.114492 0.001150
14	15	22	23	-1.439553 0.001476
14	15	23	24	-1.076482 0.001044
12	16	20	24	-22.05284 0.007134
12	16	24	28	-5.290940 -0.000009
12	16	28	32	-2.371095 0.001092
13	16	19	22	-15.53564 0.010495
13	16	22	25	-7.621035 0.005247
13	16	25	28	-1.518548 0.001001
13	16	28	31	-1.051567 0.000535
14	16	18	20	-20.53707 0.015884
14	16	20	22	-6.210787 0.003502
14	16	22	24	-4.901103 0.003242
14	16	24	26	-1.805155 0.001238
14	16	26	28	-0.680983 0.000496
14	16	28	30	-0.658236 0.000369
14	16	30	32	-0.401159 0.000234
15	16	17	18	-11.82172 0.012403
15	16	18	19	-7.472669 0.007792
15	16	19	20	-3.320487 0.003259
15	16	20	21	-2.023076 0.001948
15	16	21	22	-1.151524 0.001037
15	16	22	23	-1.387703 0.001422
15	16	23	24	-1.008687 0.000941
15	16	24	25	-0.615554 0.000616
13	17	21	25	-40.18826 0.012963
13	17	25	29	-4.806440 -0.000006
14	17	20	23	-47.93026 0.0000000
14	17	23	26	-14.88005 -0.000052
14	17	26	29	-2.858326 0.0000000
14	17	29	32	-1.750923 0.0000000
15	17	19	21	-58.27414 0.034410
15	17	21	23	-22.40298 0.017205
15	17	23	25	-11.60128 0.007964
15	17	25	27	-2.030258 0.001407
15	17	27	29	-1.538441 0.000995
15	17	29	31	-0.928047 0.000454
16	17	18	19	-104.1693 0.149367
16	17	19	20	-33.90117 0.044771
16	17	20	21	-19.00392 0.024699
16	17	21	22	-9.829372 0.013807
16	17	22	23	-10.02494 0.014196
16	17	23	24	-6.448049 0.008414
16	17	24	25	-3.524573 0.005153
16	17	25	26	-1.009972 0.001487
14	18	22	26	-71.95143 0.020172
14	18	26	30	-6.721823 0.002521
15	18	21	24	-93.25826 0.024749
15	18	24	27	-15.14754 0.007578
15	18	27	30	-4.370423 0.001546
16	18	20	22	-123.6383 0.125140
16	18	22	24	-52.63979 0.062570
16	18	24	26	-12.63729 0.017210
16	18	26	28	-2.899605 0.003474
16	18	28	30	-2.485049 0.003042
16	18	30	32	-1.396022 0.001737
17	18	19	20	-171.0967 0.221967
17	18	20	21	-67.56487 0.066925
17	18	21	22	-27.29090 0.032400
17	18	22	23	-23.03115 0.027745
17	18	23	24	-13.12462 0.015650
17	18	24	25	-6.580198 0.008995
17	18	25	26	-1.517861 0.002308
17	18	26	27	-0.877372 0.001077
15	19	23	27	-65.40651 0.0000000
15	19	27	31	-8.034896 0.001725
16	19	22	25	-125.3579 0.075696
16	19	25	28	-9.252474 0.006194
16	19	28	31	-5.121998 0.002528
17	19	21	23	-137.7747 0.139603
17	19	23	25	-46.43022 0.050876
17	19	25	27	-5.273339 0.006169
17	19	27	29	-3.551082 0.003778
17	19	29	31	-2.011145 0.001889
18	19	20	21	-177.1139 0.116426
18	19	21	22	-51.60697 0.045359
18	19	22	23	-35.70525 0.036487
18	19	23	24	-18.12419 0.016036
18	19	24	25	-8.540367 0.010105
18	19	25	26	-1.833108 0.002119
18	19	26	27	-1.037694 0.000941
18	19	27	28	-0.940085 0.001002
16	20	24	28	-47.57966 0.031237
16	20	28	32	-9.855476 0.005522
17	20	23	26	-100.7301 0.083826
17	20	26	29	-9.436507 0.007409
17	20	29	32	-5.074171 0.004452
18	20	22	24	-170.8587 0.139969
18	20	24	26	-27.44165 0.031298
18	20	26	28	-4.629626 0.003659
18	20	28	30	-3.898498 0.003388
18	20	30	32	-2.071173 0.002016
19	20	21	22	-175.6287 0.266117
19	20	22	23	-82.93140 0.130370
19	20	23	24	-33.93843 0.048888
19	20	24	25	-14.39457 0.024893
19	20	25	26	-2.643329 0.004321
19	20	26	27	-1.428381 0.001859
19	20	27	28	-1.218822 0.001714
19	20	28	29	-1.321663 0.002058
17	21	25	29	-27.40107 0.017829
18	21	24	27	-67.24424 0.077083
18	21	27	30	-11.88437 0.009347
19	21	23	25	-158.0748 0.252083
19	21	25	27	-11.66135 0.019356
19	21	27	29	-6.933973 0.011245
19	21	29	31	-3.691672 0.005622
20	21	22	23	-301.4578 0.356559
20	21	23	24	-80.02644 0.075336
20	21	24	25	-29.76237 0.040101
20	21	25	26	-4.943875 0.006078
20	21	26	27	-2.653029 0.002578
20	21	27	28	-2.233677 0.002578
20	21	28	29	-2.159546 0.002016
20	21	29	30	-1.429855 0.001095
18	22	26	30	-27.31538 0.007743
19	22	25	28	-28.31960 0.024955
19	22	28	31	-11.62794 0.009530
20	22	24	26	-85.94854 0.116825
20	22	26	28	-11.52237 0.009845
20	22	28	30	-7.281002 0.005392
20	22	30	32	-3.604716 0.003302
21	22	23	24	-143.2133 0.136042
21	22	24	25	-44.68984 0.063324
21	22	25	26	-6.574160 0.007761
21	22	26	27	-3.563538 0.003104
21	22	27	28	-3.080543 0.003293
21	22	28	29	-2.296907 0.002053
21	22	29	30	-1.390774 0.001164
21	22	30	31	-0.771497 0.000699
19	23	27	31	-34.85675 0.009063
20	23	26	29	-36.14696 0.024767
20	23	29	32	-13.40415 0.009458
21	23	25	27	-34.95759 0.047087
21	23	27	29	-17.25584 0.021365
21	23	29	31	-6.979444 0.008324
22	23	24	25	-146.2399 0.247169
22	23	25	26	-16.51390 0.015626
22	23	26	27	-8.290369 0.005770
22	23	27	28	-6.654185 0.005524
22	23	28	29	-5.218111 0.003331
22	23	29	30	-3.102926 0.002040
22	23	30	31	-1.715644 0.001249
22	23	31	32	-2.152637 0.001665
20	24	28	32	-37.42590 0.013273
21	24	27	30	-39.96111 0.034251
22	24	26	28	-34.40784 0.028973
22	24	28	30	-18.23985 0.013658
22	24	30	32	-8.312488 0.005914
23	24	25	26	-25.27144 0.020452
23	24	26	27	-11.15657 0.006947
23	24	27	28	-8.292502 0.005672
23	24	28	29	-6.273220 0.003473
23	24	29	30	-3.642895 0.002005
23	24	30	31	-1.982530 0.001504
23	24	31	32	-2.454244 0.001585
22	25	28	31	-61.25701 0.0000000
23	25	27	29	-74.90323 0.045362
23	25	29	31	-21.87795 0.013095
24	25	26	27	-70.26934 0.132830
24	25	27	28	-37.26300 0.030966
24	25	28	29	-23.21038 0.013848
24	25	29	30	-10.70702 0.006477
24	25	30	31	-5.577661 0.004413
24	25	31	32	-6.329350 0.004579
23	26	29	32	-95.23602 0.0000000
24	26	28	30	-145.2469 -0.008744
24	26	30	32	-45.13956 0.0000000
25	26	27	28	-149.7039 0.218675
25	26	28	29	-80.11523 0.076449
25	26	29	30	-31.34140 0.031563
25	26	30	31	-16.16364 0.017287
25	26	31	32	-17.04606 0.018672
25	27	29	31	-107.4529 0.076834
26	27	28	29	-169.6729 0.152106
26	27	29	30	-39.44931 0.039273
26	27	30	31	-20.54259 0.015524
26	27	31	32	-18.52419 0.018368
26	28	30	32	-116.1824 0.076579
27	28	29	30	-85.96733 0.259874
27	28	30	31	-42.24730 0.034241
27	28	31	32	-34.82949 0.015313
28	29	30	31	-156.1302 0.117607
28	29	31	32	-89.75948 0.091639
29	30	31	32	-223.6510 0.278969
1	4	2	3	558.7817 0.268877
2	5	3	4	676.7615 0.193449
3	6	4	5	1221.872 -0.104041
1	7	3	5	362.6751 0.176695
4	7	5	6	821.8411 0.193246
2	8	4	6	421.7652 -0.112096
5	8	6	7	702.1738 0.0000000
3	9	5	7	222.0146 0.116365
6	9	7	8	645.1904 0.402299
1	10	4	7	164.6311 0.053217
4	10	6	8	303.6861 0.0000000
7	10	8	9	315.6267 0.112376
2	11	5	8	180.0666 0.0000000
5	11	7	9	367.8461 0.0000000
8	11	9	10	158.7969 0.158780
3	12	6	9	205.9862 0.096268
6	12	8	10	237.0039 0.100299
9	12	10	11	234.3417 -0.019451
1	13	5	9	113.8881 0.0000000
4	13	7	10	160.1303 0.0000000
7	13	9	11	82.30906 0.034966
10	13	11	12	277.8303 0.409242
2	14	6	10	130.2680 0.0000000
5	14	8	11	130.7324 -0.004847
8	14	10	12	171.3401 0.051381
11	14	12	13	971.4531 0.0000000
3	15	7	11	104.3997 -0.003343
6	15	9	12	102.6214 0.049706
9	15	11	13	403.1944 0.200543
12	15	13	14	254.2445 0.210186
1	16	6	11	73.75691 0.019218
4	16	8	12	78.34622 -0.001251
7	16	10	13	135.3702 -0.008184
10	16	12	14	205.3212 0.151294
13	16	14	15	666.2670 0.810660
2	17	7	12	71.69823 -0.001457
5	17	9	13	73.24027 -0.001000
8	17	11	14	105.3610 0.0000000
11	17	13	15	96.44604 0.050567
14	17	15	16	415.9956 0.305014
3	18	8	13	70.49875 -0.001756
6	18	10	14	77.86315 0.035702
9	18	12	15	128.0527 0.073670
12	18	14	16	179.7116 0.075985
15	18	16	17	321.1045 0.322649
1	19	7	13	66.44109 0.0000000
4	19	9	14	50.92519 0.0000000
7	19	11	15	82.73744 0.019745
10	19	13	16	78.57131 0.058818
13	19	15	17	385.4399 0.145552
16	19	17	18	341.8354 0.353707
2	20	8	14	54.70483 0.015342
5	20	10	15	61.24058 0.015429
8	20	12	16	77.88330 0.073669
11	20	14	17	144.5035 0.142626
14	20	16	18	291.9016 0.319122
17	20	18	19	432.2948 0.797717
3	21	9	15	43.24052 0.022275
6	21	11	16	68.43409 0.051113
9	21	13	17	92.08859 0.142170
12	21	15	18	203.0609 0.197443
15	21	17	19	245.2737 0.354772
18	21	19	20	531.4214 0.653651
1	22	8	15	44.86091 0.0000000
4	22	10	16	46.42735 0.019236
7	22	12	17	82.83170 0.021021
10	22	14	18	135.5561 0.099160
13	22	16	19	230.2265 0.089422
16	22	18	20	255.9543 0.342286
19	22	20	21	706.9631 0.606484
2	23	9	16	34.71141 0.008123
5	23	11	17	62.60701 0.017081
8	23	13	18	76.91032 0.0000000
11	23	15	19	127.2435 0.0000000
14	23	17	20	160.0927 0.035734
17	23	19	21	266.0891 0.128276
20	23	21	22	483.1597 0.400004
3	24	10	17	39.42245 0.0000000
6	24	12	18	65.48908 0.047208
9	24	14	19	83.48501 -0.003262
12	24	16	20	103.0919 0.038231
15	24	18	21	132.8001 0.031139
18	24	20	22	259.0646 0.142813
21	24	22	23	660.3014 0.890568
1	25	9	17	29.68165 0.0000000
4	25	11	18	42.75163 0.0000000
7	25	13	19	46.90288 0.014529
10	25	15	20	67.25735 0.038245
13	25	17	21	83.02014 0.042976
16	25	19	22	84.38274 0.059521
19	25	21	23	246.2250 0.361606
22	25	23	24	366.7495 0.392766
2	26	10	18	33.95444 -0.000384
5	26	12	19	47.75427 0.017132
8	26	14	20	51.92977 0.030065
11	26	16	21	64.25257 0.032810
14	26	18	22	78.63571 0.0000000
17	26	20	23	129.3143 0.068259
20	26	22	24	312.4271 0.354438
23	26	24	25	423.2008 0.336151
3	27	11	19	37.54837 -0.000416
6	27	13	20	43.56875 0.024862
9	27	15	21	60.49517 0.0000000
12	27	17	22	61.73559 0.0000000
15	27	19	23	88.76400 0.024119
18	27	21	24	179.2058 0.073572
21	27	23	25	348.2920 0.304749
24	27	25	26	377.8485 0.389326
1	28	10	19	31.58295 0.0000000
4	28	12	20	39.64459 0.0000000
7	28	14	21	48.09508 0.017123
10	28	16	22	56.45618 0.0000000
13	28	18	23	80.95086 0.0000000
16	28	20	24	91.62879 0.042193
19	28	22	25	240.7209 0.162847
22	28	24	26	354.5097 0.235717
25	28	26	27	368.0729 0.417406
2	29	11	20	33.25234 0.037505
5	29	13	21	37.97092 0.032419
8	29	15	22	45.85640 0.073284
11	29	17	23	54.30387 0.105974
14	29	19	24	76.30682 0.109110
17	29	21	25	124.9328 0.247205
20	29	23	26	257.6485 0.445542
23	29	25	27	240.4623 0.469098
26	29	27	28	411.1292 1.124285
3	30	12	21	33.06527 -0.000493
6	30	14	22	40.26736 0.021280
9	30	16	23	50.73560 0.016840
12	30	18	24	58.95566 0.0000000
15	30	20	25	86.87179 -0.001836
18	30	22	26	184.4826 -0.007731
21	30	24	27	223.8400 0.058979
24	30	26	28	225.2498 0.0000000
27	30	28	29	586.7267 0.701106
1	31	11	21	29.92672 0.009188
4	31	13	22	30.80967 -0.000359
7	31	15	23	42.35227 -0.000762
10	31	17	24	49.13550 0.0000000
13	31	19	25	75.65022 0.027828
16	31	21	26	105.4605 0.024053
19	31	23	27	178.8354 0.096572
22	31	25	28	186.7462 0.039863
25	31	27	29	310.1669 0.338588
28	31	29	30	507.3871 0.569766
2	32	12	22	28.42793 0.006092
5	32	14	23	35.20994 0.018637
8	32	16	24	41.17972 0.014555
11	32	18	25	49.90032 0.0000000
14	32	20	26	78.69267 0.0000000
17	32	22	27	108.4112 -0.006239
20	32	24	28	141.7307 0.030283
23	32	26	29	150.9663 0.086542
26	32	28	30	328.1286 0.500808
29	32	30	31	338.3715 0.272210
3	4	1	2	-217.4731 0.056832
4	5	1	2	-166.4927 -0.006325
4	5	2	3	-388.0148 0.101210
5	6	1	2	-33.75825 0.014445
5	6	2	3	-51.09736 -0.000319
5	6	3	4	-222.8531 0.100079
5	7	1	3	-137.8596 -0.003863
6	7	1	2	-22.19622 0.013843
6	7	2	3	-30.74315 0.017510
6	7	3	4	-110.4787 0.049528
6	7	4	5	-432.0157 0.297171
6	8	2	4	-190.8403 0.115456
7	8	1	2	-10.66715 0.0000000
7	8	2	3	-12.50820 -0.000030
7	8	3	4	-37.09526 -0.000487
7	8	4	5	-121.2666 0.0000000
7	8	5	6	-408.1357 0.088230
7	9	1	3	-30.97538 0.012414
7	9	3	5	-196.3999 0.070226
8	9	1	2	-3.816020 0.001288
8	9	2	3	-4.034449 0.0000000
8	9	3	4	-10.72548 -0.000056
8	9	4	5	-27.79351 0.007291
8	9	5	6	-59.65312 0.014583
8	9	6	7	-70.26466 -0.003645
7	10	1	4	-80.00564 0.025583
8	10	2	4	-15.75878 0.0000000
8	10	4	6	-92.00329 0.023965
9	10	1	2	-0.317462 0.000136
9	10	2	3	-0.295198 0.000078
9	10	3	4	-0.710811 0.000157
9	10	4	5	-1.719524 0.0000000
9	10	5	6	-2.890079 0.000892
9	10	6	7	-3.230343 0.001261
9	10	7	8	-10.52401 0.0000000
8	11	2	5	-47.44540 0.022730
9	11	1	3	-1.138146 0.000524
9	11	3	5	-4.422882 0.002423
9	11	5	7	-10.72977 0.006411
10	11	1	2	-0.273062 0.000427
10	11	2	3	-0.252500 0.000368
10	11	3	4	-0.596258 0.000895
10	11	4	5	-1.398039 0.001991
10	11	5	6	-2.271786 0.003309
10	11	6	7	-2.340302 0.003252
10	11	7	8	-5.853084 0.008154
10	11	8	9	-44.37097 0.082864
9	12	3	6	-17.04687 0.006534
10	12	2	4	-2.367778 0.001907
10	12	4	6	-10.07063 0.007942
10	12	6	8	-19.90239 0.017622
11	12	2	3	-0.459767 0.000419
11	12	3	4	-1.060474 0.000977
11	12	4	5	-2.482615 0.001903
11	12	5	6	-3.925958 0.002975
11	12	6	7	-3.889427 0.002975
11	12	7	8	-7.837246 0.006469
11	12	8	9	-35.47816 0.049722
11	12	9	10	-77.21574 0.367630
9	13	1	5	-16.73712 -0.000094
10	13	1	4	-6.290773 0.002660
10	13	4	7	-28.22235 0.010642
11	13	1	3	-2.389326 0.003053
11	13	3	5	-8.789388 0.009693
11	13	5	7	-16.21661 0.018807
11	13	7	9	-81.24631 0.126165
12	13	3	4	-1.716444 0.001923
12	13	4	5	-3.521768 0.003744
12	13	5	6	-4.546906 0.004500
12	13	6	7	-3.856149 0.003847
12	13	7	8	-7.701730 0.007694
12	13	8	9	-30.29374 0.035305
12	13	9	10	-41.51972 0.047890
12	13	10	11	-133.5617 0.074727
10	14	2	6	-25.19533 0.005695
11	14	2	5	-11.42269 0.0000000
11	14	5	8	-34.11026 -0.000462
12	14	2	4	-3.093204 0.002202
12	14	4	6	-9.644886 0.007062
12	14	6	8	-13.11052 0.008808
12	14	8	10	-80.45822 0.094170
13	14	4	5	-0.788657 0.000780
13	14	5	6	-0.780058 0.000612
13	14	6	7	-0.417648 0.000216
13	14	7	8	-1.133774 0.000918
13	14	8	9	-4.133221 0.002998
13	14	9	10	-4.697186 0.003672
13	14	10	11	-10.58732 0.006924
13	14	11	12	-41.28143 0.030966
11	15	3	7	-31.53723 -0.000371
12	15	3	6	-15.05049 0.003580
12	15	6	9	-57.16655 0.0000000
13	15	1	3	-0.943623 0.001286
13	15	3	5	-3.159034 0.003952
13	15	5	7	-3.349087 0.003296
13	15	7	9	-13.95596 0.015810
13	15	9	11	-36.89528 0.038444
14	15	5	6	-1.307998 0.001152
14	15	6	7	-0.843700 0.000722
14	15	7	8	-1.949931 0.002089
14	15	8	9	-6.732812 0.006520
14	15	9	10	-7.147827 0.005510
14	15	10	11	-14.40570 0.014786
14	15	11	12	-51.68252 0.041822
14	15	12	13	-502.0363 0.431939
12	16	4	8	-32.13114 0.017959
13	16	1	4	-3.020379 0.001712
13	16	4	7	-7.929208 0.0000000
13	16	7	10	-36.99101 0.0000000
14	16	2	4	-1.650478 0.000666
14	16	4	6	-4.442883 0.001631
14	16	6	8	-4.921510 0.001332
14	16	8	10	-23.57845 0.005328
14	16	10	12	-106.2405 0.042625
15	16	6	7	-0.658305 0.000473
15	16	7	8	-1.470202 0.001240
15	16	8	9	-4.868420 0.004296
15	16	9	10	-4.793190 0.002864
15	16	10	11	-9.414131 0.009058
15	16	11	12	-30.63047 0.022916
15	16	12	13	-171.7124 0.137500
15	16	13	14	-158.2706 0.0000000
13	17	1	5	-7.328784 -0.000037
13	17	5	9	-30.26405 -0.000403
14	17	2	5	-4.993729 0.0000000
14	17	5	8	-9.501419 0.002363
14	17	8	11	-55.56211 0.0000000
15	17	1	3	-0.773859 0.000366
15	17	3	5	-2.443766 0.001268
15	17	5	7	-2.924049 0.001464
15	17	7	9	-10.01355 0.004142
15	17	9	11	-19.65888 0.008285
15	17	11	13	-247.6953 0.0000000
16	17	7	8	-1.001116 0.001332
16	17	8	9	-2.676831 0.003569
16	17	9	10	-2.086822 0.002336
16	17	10	11	-3.381564 0.004672
16	17	11	12	-9.778009 0.010237
16	17	12	13	-35.80087 0.038609
16	17	13	14	-18.81708 0.018058
16	17	14	15	-52.68437 0.054602
14	18	2	6	-8.855008 0.0000000
14	18	6	10	-36.89688 0.017511
15	18	3	6	-4.915779 0.001100
15	18	6	9	-12.77469 0.0000000
15	18	9	12	-63.57755 -0.001556
16	18	2	4	-0.749676 0.001096
16	18	4	6	-2.010809 0.002638
16	18	6	8	-2.235475 0.002861
16	18	8	10	-6.186776 0.007888
16	18	10	12	-16.15998 0.021717
16	18	12	14	-64.80950 0.089252
17	18	8	9	-0.873088 0.001522
17	18	9	10	-0.542740 0.000966
17	18	10	11	-0.794549 0.001594
17	18	11	12	-2.178731 0.004059
17	18	12	13	-6.953047 0.012995
17	18	13	14	-3.086272 0.006046
17	18	14	15	-7.246109 0.015051
17	18	15	16	-11.77651 0.020697
15	19	3	7	-7.337012 0.002546
15	19	7	11	-34.63661 0.010185
16	19	1	4	-1.292387 0.000839
16	19	4	7	-3.625532 0.002006
16	19	7	10	-9.187113 0.005675
16	19	10	13	-68.02629 0.028717
17	19	1	3	-0.294410 0.000349
17	19	3	5	-0.887398 0.001006
17	19	5	7	-1.080242 0.001172
17	19	7	9	-2.381684 0.002743
17	19	9	11	-2.567231 0.003043
17	19	11	13	-17.48139 0.017745
17	19	13	15	-19.81542 0.022774
18	19	9	10	-0.493061 0.000450
18	19	10	11	-0.735094 0.000805
18	19	11	12	-1.972522 0.001973
18	19	12	13	-6.361403 0.005808
18	19	13	14	-2.853670 0.002416
18	19	14	15	-6.611785 0.006239
18	19	15	16	-7.422671 0.006027
18	19	16	17	-102.6863 0.106279
16	20	4	8	-6.173076 0.004574
16	20	8	12	-27.81534 0.014938
17	20	2	5	-1.375190 0.001450
17	20	5	8	-2.428830 0.002001
17	20	8	11	-5.132885 0.005219
17	20	11	14	-28.55450 0.027737
18	20	2	4	-0.367458 0.000453
18	20	4	6	-0.949205 0.001018
18	20	6	8	-0.975346 0.000988
18	20	8	10	-1.903293 0.002154
18	20	10	12	-3.578433 0.004635
18	20	12	14	-13.73833 0.012502
18	20	14	16	-20.66337 0.023721
19	20	10	11	-0.279534 0.000491
19	20	11	12	-0.586546 0.001037
19	20	12	13	-2.896721 0.003653
19	20	13	14	-1.607410 0.001676
19	20	14	15	-3.243948 0.003748
19	20	15	16	-3.326736 0.003841
19	20	16	17	-33.63504 0.037934
19	20	17	18	-163.3916 0.151737
17	21	1	5	-2.092180 0.001458
17	21	5	9	-5.705336 0.002525
17	21	9	13	-29.11380 0.016496
18	21	3	6	-1.821469 0.001587
18	21	6	9	-3.138142 0.002318
18	21	9	12	-6.480815 0.005678
18	21	12	15	-29.22849 0.020735
19	21	1	3	-0.230504 0.000456
19	21	3	5	-0.678745 0.001185
19	21	5	7	-0.788501 0.001318
19	21	7	9	-1.453924 0.002433
19	21	9	11	-1.316400 0.002276
19	21	11	13	-7.715475 0.012502
19	21	13	15	-7.614521 0.012118
19	21	15	17	-58.09321 0.106624
20	21	11	12	-1.365164 0.001859
20	21	12	13	-2.852071 0.003037
20	21	13	14	-0.799823 0.000379
20	21	14	15	-1.970673 0.001640
20	21	15	16	-2.031362 0.001453
20	21	16	17	-19.09076 0.021618
20	21	17	18	-67.66290 0.052488
20	21	18	19	-183.6765 0.177443
18	22	2	6	-2.529254 0.0000000
18	22	6	10	-5.159632 -0.000007
18	22	10	14	-26.50001 0.007821
19	22	1	4	-0.674399 0.000548
19	22	4	7	-1.760975 0.001267
19	22	7	10	-2.828151 0.001900
19	22	10	13	-11.72469 0.007168
19	22	13	16	-15.64715 0.003584
20	22	2	4	-0.347620 0.000294
20	22	4	6	-0.864908 0.000651
20	22	6	8	-0.822393 0.000621
20	22	8	10	-1.458591 0.001039
20	22	10	12	-3.208523 0.003042
20	22	12	14	-5.971615 0.003513
20	22	14	16	-6.266483 0.002222
20	22	16	18	-124.0289 0.100562
21	22	12	13	-1.882673 0.001994
21	22	13	14	-0.434441 0.000448
21	22	14	15	-1.120391 0.001205
21	22	15	16	-1.148278 0.001173
21	22	16	17	-9.828568 0.011706
21	22	17	18	-27.34200 0.028674
21	22	18	19	-54.02107 0.025028
21	22	19	20	-173.9902 0.166023
19	23	3	7	-2.999369 0.001344
19	23	7	11	-5.422637 0.002194
19	23	11	15	-25.15686 0.006208
20	23	2	5	-1.280182 0.001070
20	23	5	8	-2.010657 0.001580
20	23	8	11	-3.480129 0.003161
20	23	11	14	-12.29042 0.008941
20	23	14	17	-48.04228 0.032650
21	23	3	5	-0.722173 0.000945
21	23	5	7	-0.809446 0.001072
21	23	7	9	-1.394304 0.001786
21	23	9	11	-1.257804 0.001598
21	23	11	13	-6.191980 0.007288
21	23	13	15	-3.635661 0.004167
21	23	15	17	-22.37005 0.026817
21	23	17	19	-141.3004 0.174174
22	23	13	14	-0.635453 0.000433
22	23	14	15	-1.445459 0.001086
22	23	15	16	-1.379959 0.000926
22	23	16	17	-10.01437 0.007860
22	23	17	18	-22.99744 0.015721
22	23	18	19	-36.93448 0.010480
22	23	19	20	-81.78094 0.036307
22	23	20	21	-300.7563 0.145228
20	24	4	8	-3.617164 0.001670
20	24	8	12	-8.636769 0.004725
20	24	12	16	-22.19968 0.0000000
21	24	3	6	-1.750590 0.001528
21	24	6	9	-2.604964 0.002368
21	24	9	12	-4.632771 0.004323
21	24	12	15	-11.02443 0.009473
21	24	15	18	-93.24769 0.081856
22	24	4	6	-0.987359 0.000745
22	24	6	8	-0.941191 0.000962
22	24	8	10	-1.405388 0.001255
22	24	10	12	-2.559049 0.002583
22	24	12	14	-5.057837 0.004038
22	24	14	16	-4.902652 0.003850
22	24	16	18	-52.56159 0.043568
22	24	18	20	-170.9503 0.134991
23	24	14	15	-1.076872 0.000666
23	24	15	16	-0.999477 0.000577
23	24	16	17	-6.426369 0.004214
23	24	17	18	-13.09059 0.007538
23	24	18	19	-18.63390 0.0000000
23	24	19	20	-33.49990 0.018464
23	24	20	21	-80.01398 0.036929
23	24	21	22	-143.3466 0.073859
21	25	1	5	-1.829674 0.001205
21	25	5	9	-4.040729 0.003263
21	25	9	13	-12.38646 0.008349
21	25	13	17	-40.20563 0.022265
22	25	1	4	-0.738788 0.000289
22	25	4	7	-1.869755 0.000945
22	25	7	10	-2.559728 0.000945
22	25	10	13	-8.285021 0.004226
22	25	13	16	-7.651750 0.002673
22	25	16	19	-127.2640 0.030243
23	25	5	7	-0.707918 0.000497
23	25	7	9	-1.128379 0.000953
23	25	9	11	-0.863586 0.000760
23	25	11	13	-4.070435 0.003252
23	25	13	15	-2.572107 0.001991
23	25	15	17	-11.61954 0.009200
23	25	17	19	-47.30770 0.031869
23	25	19	21	-158.2703 0.122052
24	25	15	16	-0.618451 0.000699
24	25	16	17	-3.567715 0.004354
24	25	17	18	-6.659235 0.008321
24	25	18	19	-8.886833 0.009609
24	25	19	20	-14.42981 0.018519
24	25	20	21	-30.19933 0.036318
24	25	21	22	-45.40002 0.057194
24	25	22	23	-147.9679 0.183760
22	26	2	6	-2.174290 -0.000003
22	26	6	10	-3.512830 0.0000000
22	26	10	14	-10.67508 0.002487
22	26	14	18	-72.09107 0.0000000
23	26	2	5	-0.937670 0.000564
23	26	5	8	-1.427623 0.000713
23	26	8	11	-1.883297 0.001128
23	26	11	14	-5.732079 0.002855
23	26	14	17	-14.92683 0.009030
23	26	17	20	-101.4288 0.051086
24	26	6	8	-0.509556 0.000422
24	26	8	10	-0.660703 0.000517
24	26	10	12	-1.035392 0.000896
24	26	12	14	-2.020287 0.001464
24	26	14	16	-1.822947 0.001464
24	26	16	18	-12.79622 0.009566
24	26	18	20	-27.89612 0.019133
24	26	20	22	-87.32456 0.057401
25	26	16	17	-1.025891 0.001179
25	26	17	18	-1.541863 0.001707
25	26	18	19	-1.902232 0.001856
25	26	19	20	-2.675993 0.002912
25	26	20	21	-5.047068 0.004829
25	26	21	22	-6.703011 0.007841
25	26	22	23	-16.80798 0.018872
25	26	23	24	-25.72175 0.027317
23	27	3	7	-1.933383 0.0000000
23	27	7	11	-2.699321 -0.000002
23	27	11	15	-8.484019 -0.000022
23	27	15	19	-66.33058 0.0000000
24	27	3	6	-0.887327 0.000249
24	27	6	9	-1.185063 0.0000000
24	27	9	12	-1.504077 0.0000000
24	27	12	15	-3.543520 0.000999
24	27	15	18	-15.28733 0.003996
24	27	18	21	-68.17986 0.022607
25	27	7	9	-0.439902 0.000487
25	27	9	11	-0.267366 0.000298
25	27	11	13	-1.165348 0.001195
25	27	13	15	-0.674047 0.000723
25	27	15	17	-2.036833 0.002181
25	27	17	19	-5.348687 0.004450
25	27	19	21	-11.71920 0.009874
25	27	21	23	-35.09807 0.034205
26	27	17	18	-0.864666 0.000807
26	27	18	19	-1.040262 0.000807
26	27	19	20	-1.391561 0.001182
26	27	20	21	-2.606671 0.002024
26	27	21	22	-3.490266 0.003230
26	27	22	23	-8.110052 0.007722
26	27	23	24	-10.98095 0.010068
26	27	24	25	-68.54303 0.043683
24	28	4	8	-1.635930 0.000635
24	28	8	12	-2.448356 0.000733
24	28	12	16	-5.334404 0.001466
24	28	16	20	-48.17465 0.011731
25	28	1	4	-0.294645 0.000148
25	28	4	7	-0.714016 -0.000000
25	28	7	10	-0.803986 0.000242
25	28	10	13	-1.872704 0.000484
25	28	13	16	-1.521698 0.000342
25	28	16	19	-9.357814 0.002743
25	28	19	22	-28.46723 0.007759
26	28	8	10	-0.315788 0.000187
26	28	10	12	-0.436770 0.000297
26	28	12	14	-0.813220 0.000497
26	28	14	16	-0.679009 0.000420
26	28	16	18	-2.887429 0.001841
26	28	18	20	-4.617733 0.002126
26	28	20	22	-11.44007 0.006725
26	28	22	24	-34.09040 0.024061
27	28	18	19	-0.958874 0.000364
27	28	19	20	-1.217306 0.000630
27	28	20	21	-2.243989 0.001261
27	28	21	22	-3.073036 0.001926
27	28	22	23	-6.638091 0.004368
27	28	23	24	-8.290151 0.005824
27	28	24	25	-36.89251 -0.000364
27	28	25	26	-149.0381 0.104198
25	29	1	5	-0.760284 0.001075
25	29	5	9	-1.461554 0.001840
25	29	9	13	-2.691868 0.003491
25	29	13	17	-4.816220 0.006584
25	29	17	21	-27.55809 0.035660
26	29	2	5	-0.456698 0.000800
26	29	5	8	-0.666110 0.001072
26	29	8	11	-0.696434 0.001202
26	29	11	14	-1.750047 0.002855
26	29	14	17	-2.849578 0.004810
26	29	17	20	-9.410006 0.015486
26	29	20	23	-35.90130 0.060295
27	29	9	11	-0.244672 0.000627
27	29	11	13	-1.014668 0.001803
27	29	13	15	-0.566987 0.000833
27	29	15	17	-1.537046 0.002804
27	29	17	19	-3.575326 0.007139
27	29	19	21	-6.923542 0.013737
27	29	21	23	-17.23596 0.034603
27	29	23	25	-74.86257 0.092775
28	29	19	20	-1.303779 0.002453
28	29	20	21	-2.152444 0.003754
28	29	21	22	-2.306443 0.004049
28	29	22	23	-5.215479 0.009497
28	29	23	24	-6.281046 0.011273
28	29	24	25	-23.14346 0.030305
28	29	25	26	-81.22183 0.135529
28	29	26	27	-170.0219 0.303917
26	30	2	6	-0.899956 0.0000000
26	30	6	10	-1.212686 -0.000000
26	30	10	14	-2.505504 0.000575
26	30	14	18	-6.701194 0.001627
26	30	18	22	-27.21941 0.006510
27	30	3	6	-0.633302 0.000582
27	30	6	9	-0.787159 0.000601
27	30	9	12	-0.822466 0.000672
27	30	12	15	-1.757097 0.001345
27	30	15	18	-4.362100 0.003805
27	30	18	21	-11.88694 0.009005
27	30	21	24	-39.92869 0.033349
28	30	10	12	-0.444826 0.000425
28	30	12	14	-0.807911 0.000705
28	30	14	16	-0.652688 0.000601
28	30	16	18	-2.473776 0.002331
28	30	18	20	-3.877400 0.003509
28	30	20	22	-7.263626 0.006138
28	30	22	24	-18.19102 0.015227
28	30	24	26	-146.5514 0.108962
29	30	20	21	-1.425603 0.002471
29	30	21	22	-1.391008 0.002560
29	30	22	23	-3.088215 0.005724
29	30	23	24	-3.640289 0.006773
29	30	24	25	-10.63003 0.018265
29	30	25	26	-31.58578 0.061749
29	30	26	27	-39.83641 0.083305
29	30	27	28	-88.33709 0.238197
27	31	3	7	-0.980953 0.000277
27	31	7	11	-1.111483 0.000392
27	31	11	15	-2.618832 0.001110
27	31	15	19	-8.070838 0.003140
27	31	19	23	-34.81539 0.017763
28	31	1	4	-0.242989 0.000193
28	31	4	7	-0.587166 0.000504
28	31	7	10	-0.632085 0.000588
28	31	10	13	-1.360211 0.001253
28	31	13	16	-1.045801 0.001008
28	31	16	19	-5.137616 0.004549
28	31	19	22	-11.59276 0.009728
28	31	22	25	-61.23814 0.030763
29	31	11	13	-0.668263 0.001456
29	31	13	15	-0.366955 0.000849
29	31	15	17	-0.929174 0.002113
29	31	17	19	-2.027207 0.004461
29	31	19	21	-3.671400 0.008071
29	31	21	23	-6.986092 0.015916
29	31	23	25	-21.85593 0.045972
29	31	25	27	-108.5479 0.231809
30	31	21	22	-0.777554 0.000536
30	31	22	23	-1.719777 0.001257
30	31	23	24	-1.992746 0.001516
30	31	24	25	-5.558675 0.004012
30	31	25	26	-16.27758 0.012868
30	31	26	27	-20.51299 0.016049
30	31	27	28	-41.52727 0.055597
30	31	28	29	-158.2384 -0.006066
28	32	4	8	-1.029495 0.000720
28	32	8	12	-1.265197 0.001018
28	32	12	16	-2.360134 0.001859
28	32	16	20	-9.824204 0.007056
28	32	20	24	-37.37671 0.026610
29	32	2	5	-0.341722 0.000483
29	32	5	8	-0.498184 0.000728
29	32	8	11	-0.497012 0.000780
29	32	11	14	-1.196818 0.001766
29	32	14	17	-1.747653 0.002691
29	32	17	20	-5.057928 0.007742
29	32	20	23	-13.38412 0.020774
29	32	23	26	-95.54846 0.144815
30	32	12	14	-0.497477 0.000479
30	32	14	16	-0.398141 0.000425
30	32	16	18	-1.390502 0.001424
30	32	18	20	-2.062489 0.001916
30	32	20	22	-3.595226 0.003406
30	32	22	24	-8.287146 0.008060
30	32	24	26	-45.02941 0.043369
30	32	26	28	-114.7065 0.137866
31	32	22	23	-2.123048 0.001932
31	32	23	24	-2.431864 0.002287
31	32	24	25	-6.205890 0.004890
31	32	25	26	-16.87368 0.016218
31	32	26	27	-18.25087 0.016218
31	32	27	28	-34.19814 0.043737
31	32	28	29	-88.92112 0.033878
31	32	29	30	-221.8048 0.174950
2	3	1	4	562.1613 0.0000000
3	4	2	5	679.3201 0.253392
3	5	1	7	368.4912 0.0000000
4	5	3	6	1229.083 -0.150416
4	6	2	8	424.7668 0.100920
5	6	4	7	831.6201 1.043990
4	7	1	10	166.5122 0.149598
5	7	3	9	223.5246 0.0000000
6	7	5	8	704.2201 0.628098
5	8	2	11	180.6174 -0.007452
6	8	4	10	303.4744 0.170328
7	8	6	9	646.0679 -0.140201
5	9	1	13	114.4101 -0.006777
6	9	3	12	206.4741 0.133561
7	9	5	11	364.4612 0.0000000
8	9	7	10	317.8107 -0.029725
6	10	2	14	130.6440 0.083570
7	10	4	13	159.0536 0.0000000
8	10	6	12	237.7960 -0.021361
9	10	8	11	159.6608 0.267434
6	11	1	16	74.20875 0.039558
7	11	3	15	104.0424 -0.005765
8	11	5	14	131.4687 0.066715
9	11	7	13	82.93954 0.071630
10	11	9	12	237.6002 0.329325
7	12	2	17	71.45616 0.029287
8	12	4	16	78.85504 0.023379
9	12	6	15	102.8302 0.046305
10	12	8	14	171.8947 0.231747
11	12	10	13	279.0057 0.110784
7	13	1	19	66.66063 -0.000890
8	13	3	18	70.83988 0.043434
9	13	5	17	73.41633 0.079238
10	13	7	16	136.7559 0.277788
11	13	9	15	404.0787 0.894792
12	13	11	14	973.3816 1.285935
8	14	2	20	54.88083 0.013434
9	14	4	19	51.14035 -0.000683
10	14	6	18	78.15036 0.022427
11	14	8	17	105.6001 0.094573
12	14	10	16	207.9343 0.284118
13	14	12	15	252.4820 0.299907
8	15	1	22	44.97172 0.011519
9	15	3	21	43.27740 0.019351
10	15	5	20	61.36113 0.038495
11	15	7	19	83.08840 0.063851
12	15	9	18	129.0203 0.091164
13	15	11	17	96.86827 0.115739
14	15	13	16	670.1008 0.710998
9	16	2	23	34.71437 0.0000000
10	16	4	22	46.44570 0.025728
11	16	6	21	68.49021 0.045136
12	16	8	20	78.26772 0.050121
13	16	10	19	79.16633 0.139064
14	16	12	18	180.6165 0.185624
15	16	14	17	415.9052 0.539705
9	17	1	25	29.72098 0.007540
10	17	3	24	39.42688 0.023012
11	17	5	23	62.64455 0.031674
12	17	7	22	83.08360 0.043811
13	17	9	21	92.39436 0.091959
14	17	11	20	145.2015 0.085308
15	17	13	19	386.6048 0.494165
16	17	15	18	321.8163 0.542453
10	18	2	26	34.01087 0.0000000
11	18	4	25	42.75486 0.019638
12	18	6	24	65.47893 0.027116
13	18	8	23	77.06239 0.044479
14	18	10	22	136.2554 0.081020
15	18	12	21	203.7220 0.142821
16	18	14	20	294.9238 0.540512
17	18	16	19	353.6430 0.544177
10	19	1	28	31.56729 0.007142
11	19	3	27	37.45132 0.009654
12	19	5	26	47.65747 0.017864
13	19	7	25	46.78543 0.015030
14	19	9	24	83.28222 0.026977
15	19	11	23	126.8413 0.047808
16	19	13	22	230.1482 0.342541
17	19	15	21	243.3034 0.331134
18	19	17	20	427.5265 0.439367
11	20	2	29	33.23957 0.007598
12	20	4	28	39.66998 0.012144
13	20	6	27	43.51719 0.016638
14	20	8	26	52.05576 0.021980
15	20	10	25	67.50409 0.049057
16	20	12	24	103.0006 0.164830
17	20	14	23	160.6133 0.225508
18	20	16	22	257.0230 0.367480
19	20	18	21	532.7734 0.863872
11	21	1	31	29.89016 0.017556
12	21	3	30	33.03087 0.027437
13	21	5	29	37.92352 0.032484
14	21	7	28	48.20793 0.035381
15	21	9	27	60.71651 0.062320
16	21	11	26	64.50523 0.092178
17	21	13	25	83.32408 0.142936
18	21	15	24	132.8287 0.211797
19	21	17	23	267.8156 0.471607
20	21	19	22	714.2444 0.309959
12	22	2	32	28.36870 -0.000249
13	22	4	31	30.72519 0.012865
14	22	6	30	40.21793 0.011770
15	22	8	29	45.91943 0.026502
16	22	10	28	56.70084 0.045511
17	22	12	27	61.87523 0.043205
18	22	14	26	79.09590 0.058976
19	22	16	25	84.87134 0.128454
20	22	18	24	259.1914 0.278740
21	22	20	23	484.6420 0.589691
14	23	5	32	35.07329 -0.000796
15	23	7	31	42.25618 0.009213
16	23	9	30	50.67319 0.017314
17	23	11	29	54.33124 -0.001556
18	23	13	28	81.21631 -0.003487
19	23	15	27	89.03156 0.087581
20	23	17	26	129.6591 0.123237
21	23	19	25	249.1052 0.215169
22	23	21	24	658.2904 0.479074
16	24	8	32	41.03668 0.0000000
17	24	10	31	49.03746 0.018382
18	24	12	30	58.88567 0.018480
19	24	14	29	76.54315 0.086597
20	24	16	28	92.23445 0.093794
21	24	18	27	179.4720 0.265716
22	24	20	26	313.5280 0.323742
23	24	22	25	368.5980 0.294261
18	25	11	32	49.71529 0.0000000
19	25	13	31	75.64001 0.079671
20	25	15	30	87.03378 0.071677
21	25	17	29	125.3195 0.123303
22	25	19	28	243.6524 0.243404
23	25	21	27	350.4849 0.312994
24	25	23	26	425.2261 0.703022
20	26	14	32	78.25321 -0.001911
21	26	16	31	105.0540 0.056088
22	26	18	30	184.1836 0.080034
23	26	20	29	258.5616 0.228453
24	26	22	28	356.3134 0.301530
25	26	24	27	377.0999 0.439901
22	27	17	32	107.5095 -0.003773
23	27	19	31	179.1798 0.073040
24	27	21	30	224.3497 0.0000000
25	27	23	29	240.6125 0.289326
26	27	25	28	369.8858 0.404003
24	28	20	32	141.6972 0.312271
25	28	22	31	186.6416 0.118766
26	28	24	30	225.6410 0.050286
27	28	26	29	409.1400 0.343307
26	29	23	32	150.1881 0.185690
27	29	25	31	311.2743 0.535026
28	29	27	30	593.2533 0.860734
28	30	26	32	331.5001 0.295888
29	30	28	31	512.8390 1.044513
30	31	29	32	337.6826 0.089845