32#	Number	of	sensors
#x	z			
0	0.06			
0.1	0.15			
0.15	0.2			
0.24	0.22			
0.36	0.22			
0.43	0.19			
0.51	0.13			
0.57	0.04			
0.74	0.04			
0.82	0.12			
0.93	0.19			
1	0.23			
1.1	0.22			
1.19	0.17			
1.24	0.11			
1.33	0.02			
1.5	0.02			
1.56	0.11			
1.63	0.15			
1.68	0.2			
1.85	0.21			
1.93	0.15			
2	0.1			
2.08	0.04			
2.22	0.05			
2.33	0.12			
2.39	0.2			
2.46	0.25			
2.59	0.26			
2.66	0.2			
2.72	0.13			
2.79	0.04			
1342#	Number	of	data					
#a	b	m	n	R	err			
1	2	3	4	-217.5145 0.056103
1	2	4	5	-180.6869 0.088707
1	2	5	6	-40.20930 0.014025
1	2	6	7	-21.17522 0.011088
1	2	7	8	-10.71304 0.004294
1	2	8	9	-3.941351 0.001753
1	2	9	10	-0.389760 0.000154
1	2	10	11	-0.249262 0.0000000
1	3	5	7	-160.8358 0.044420
1	3	7	9	-33.10545 0.0000000
1	3	9	11	-1.309127 0.000490
1	3	11	13	-2.429825 0.000981
1	3	13	15	-0.751316 0.000173
1	3	15	17	-0.705262 0.0000000
1	3	17	19	-0.242374 0.000061
1	3	19	21	-0.226240 0.000086
2	3	4	5	-445.8610 0.170790
2	3	5	6	-67.41461 0.047737
2	3	6	7	-32.14979 0.015095
2	3	7	8	-13.93727 0.009244
2	3	8	9	-4.514839 0.002668
2	3	9	10	-0.410081 0.000204
2	3	10	11	-0.259663 0.000176
2	3	11	12	-0.503656 0.000263
1	4	7	10	-85.03207 0.021045
1	4	10	13	-6.466144 0.0000000
1	4	13	16	-2.388186 0.000930
1	4	16	19	-1.256520 0.0000000
1	4	19	22	-0.642577 0.0000000
1	4	22	25	-0.628338 0.000232
1	4	25	28	-0.239618 0.000058
1	4	28	31	-0.234198 0.000100
2	4	6	8	-187.3187 -0.010705
2	4	8	10	-17.31801 0.0000000
2	4	10	12	-2.559931 0.0000000
2	4	12	14	-2.997498 -0.000002
2	4	14	16	-1.323381 0.000334
2	4	16	18	-0.779353 0.0000000
2	4	18	20	-0.336366 0.000083
2	4	20	22	-0.318588 0.000083
3	4	5	6	-252.9730 0.196453
3	4	6	7	-102.5544 0.029616
3	4	7	8	-38.72987 0.023413
3	4	8	9	-11.39725 0.004534
3	4	9	10	-0.990955 0.000231
3	4	10	11	-0.615361 0.000283
3	4	11	12	-1.181678 0.0000000
3	4	12	13	-1.727088 0.000925
1	5	9	13	-19.22721 0.004138
1	5	13	17	-6.799524 0.005068
1	5	17	21	-2.038814 0.000731
1	5	21	25	-1.662056 0.000633
1	5	25	29	-0.702322 0.000182
2	5	8	11	-55.00662 0.022046
2	5	11	14	-12.27093 0.003182
2	5	14	17	-4.773540 0.001948
2	5	17	20	-1.331317 0.000562
2	5	20	23	-1.205750 0.000281
2	5	23	26	-0.889820 0.000281
2	5	26	29	-0.449154 0.000222
2	5	29	32	-0.324054 0.000099
3	5	7	9	-216.4886 0.314729
3	5	9	11	-5.773006 0.004015
3	5	11	13	-9.729298 0.006718
3	5	13	15	-2.821209 0.002539
3	5	15	17	-2.501096 0.002007
3	5	17	19	-0.814991 0.000744
3	5	19	21	-0.752682 0.000549
3	5	21	23	-0.639007 0.000419
4	5	6	7	-425.7176 0.0000000
4	5	7	8	-134.1246 0.166628
4	5	8	9	-32.65823 0.017762
4	5	9	10	-2.625498 0.001433
4	5	10	11	-1.549844 0.000785
4	5	11	12	-2.869609 0.001433
4	5	12	13	-3.963754 0.001812
4	5	13	14	-0.761525 0.000392
2	6	10	14	-27.31298 0.006102
2	6	14	18	-8.857109 0.002157
2	6	18	22	-2.582198 -0.000001
2	6	22	26	-2.051769 -0.000000
2	6	26	30	-0.911287 0.000269
3	6	9	12	-20.95865 0.0000000
3	6	12	15	-15.76298 0.004585
3	6	15	18	-5.200733 0.001146
3	6	18	21	-1.910489 0.000573
3	6	21	24	-1.614078 0.0000000
3	6	24	27	-0.911558 0.000286
3	6	27	30	-0.647556 -0.000000
4	6	8	10	-106.1699 0.052602
4	6	10	12	-11.09811 0.004158
4	6	12	14	-10.65475 0.004158
4	6	14	16	-4.317537 0.002324
4	6	16	18	-2.425452 0.001162
4	6	18	20	-0.996027 0.000519
4	6	20	22	-0.926914 0.000259
4	6	22	24	-0.924060 0.000259
5	6	7	8	-435.0342 0.654526
5	6	8	9	-66.45574 0.032946
5	6	9	10	-4.446832 0.001681
5	6	10	11	-2.481925 0.001029
5	6	11	12	-4.199308 0.001681
5	6	12	13	-5.066482 0.001681
5	6	13	14	-0.862320 0.000210
5	6	14	15	-1.326294 0.000297
3	7	11	15	-32.36421 0.0000000
3	7	15	19	-7.613413 0.001675
3	7	19	23	-3.024764 0.0000000
3	7	23	27	-1.880052 0.000418
3	7	27	31	-0.994345 0.000296
4	7	10	13	-29.20320 -0.000187
4	7	13	16	-8.040405 -0.000011
4	7	16	19	-4.054970 0.001062
4	7	19	22	-1.911443 -0.000000
4	7	22	25	-1.798594 0.000531
4	7	25	28	-0.654119 0.0000000
4	7	28	31	-0.643485 0.0000000
5	7	9	11	-13.28125 0.014308
5	7	11	13	-16.20035 0.015007
5	7	13	15	-3.611871 0.003393
5	7	15	17	-3.278917 0.003199
5	7	17	19	-1.018313 0.000937
5	7	19	21	-0.889635 0.000824
5	7	21	23	-0.740607 0.000748
5	7	23	25	-0.710426 0.000632
6	7	8	9	-73.51849 0.068395
6	7	9	10	-4.183938 0.002867
6	7	10	11	-2.152686 0.001723
6	7	11	12	-3.287361 0.002703
6	7	12	13	-3.627438 0.002867
6	7	13	14	-0.545321 0.000413
6	7	14	15	-0.874228 0.000716
6	7	15	16	-0.661942 0.000585
4	8	12	16	-33.91255 0.011835
4	8	16	20	-7.062582 0.0000000
4	8	20	24	-3.553953 0.0000000
4	8	24	28	-1.641058 0.000369
4	8	28	32	-1.082157 -0.000000
5	8	11	14	-35.46221 0.015988
5	8	14	17	-10.32386 0.005652
5	8	17	20	-2.471916 0.001153
5	8	20	23	-2.003785 0.000815
5	8	23	26	-1.414055 0.000706
5	8	26	29	-0.680305 0.000288
5	8	29	32	-0.495321 0.000249
6	8	10	12	-20.14595 0.017582
6	8	12	14	-13.85731 0.010964
6	8	14	16	-5.061425 0.003876
6	8	16	18	-2.662767 0.001938
6	8	18	20	-0.976486 0.000777
6	8	20	22	-0.853147 0.000709
6	8	22	24	-0.841055 0.000755
6	8	24	26	-0.513836 0.000388
7	8	9	10	-16.31707 0.010514
7	8	10	11	-6.542130 0.003219
7	8	11	12	-8.173810 0.003219
7	8	12	13	-8.371112 0.004917
7	8	13	14	-1.320916 0.000804
7	8	14	15	-2.027559 0.001314
7	8	15	16	-1.501813 0.001039
7	8	16	17	-1.320987 0.000734
5	9	13	17	-34.19939 0.014276
5	9	17	21	-6.280027 0.002914
5	9	21	25	-4.093333 0.001030
5	9	25	29	-1.499255 0.000515
6	9	12	15	-64.00509 0.050295
6	9	15	18	-14.76222 0.011928
6	9	18	21	-3.524546 0.002434
6	9	21	24	-2.541781 0.001721
6	9	24	27	-1.282198 0.001165
6	9	27	30	-0.849437 0.000608
7	9	11	13	-92.52092 0.0000000
7	9	13	15	-15.54489 -0.000072
7	9	15	17	-11.78315 -0.000072
7	9	17	19	-2.506691 -0.000002
7	9	19	21	-1.866882 0.000412
7	9	21	23	-1.395625 -0.000001
7	9	23	25	-1.245370 0.0000000
7	9	25	27	-0.451556 -0.000000
8	9	10	11	-52.78551 0.100631
8	9	11	12	-40.93372 0.044512
8	9	12	13	-35.07176 0.033996
8	9	13	14	-4.920731 0.004906
8	9	14	15	-7.285762 0.008084
8	9	15	16	-5.196807 0.005407
8	9	16	17	-3.766985 0.003823
8	9	17	18	-0.982796 0.001010
6	10	14	18	-41.22109 0.027637
6	10	18	22	-5.755940 0.002442
6	10	22	26	-3.558014 0.002442
6	10	26	30	-1.315022 0.000705
7	10	13	16	-40.42968 -0.000601
7	10	16	19	-11.62689 0.0000000
7	10	19	22	-3.461198 0.001202
7	10	22	25	-2.690556 0.001041
7	10	25	28	-0.806350 0.000212
7	10	28	31	-0.751792 0.000212
8	10	12	14	-93.61724 0.0000000
8	10	14	16	-25.23017 0.005904
8	10	16	18	-8.284534 0.002952
8	10	18	20	-2.253151 0.000903
8	10	20	22	-1.675981 0.000738
8	10	22	24	-1.435811 0.000639
8	10	24	26	-0.767604 0.000369
8	10	26	28	-0.332866 0.000130
9	10	11	12	-98.24372 0.092402
9	10	12	13	-48.14337 0.044388
9	10	13	14	-5.454951 0.005065
9	10	14	15	-7.593169 0.008167
9	10	15	16	-5.150073 0.005775
9	10	16	17	-2.918630 0.003397
9	10	17	18	-0.616481 0.000800
9	10	18	19	-0.502671 0.000566
7	11	15	19	-37.91500 0.0000000
7	11	19	23	-6.063928 0.0000000
7	11	23	27	-2.823685 0.0000000
7	11	27	31	-1.206953 0.000352
8	11	14	17	-58.65978 0.0000000
8	11	17	20	-5.756799 0.002036
8	11	20	23	-3.557233 0.001763
8	11	23	26	-1.979163 0.000881
8	11	26	29	-0.756543 0.000180
8	11	29	32	-0.523045 -0.000000
9	11	13	15	-37.77928 0.024375
9	11	15	17	-21.10255 0.018880
9	11	17	19	-2.570598 0.002456
9	11	19	21	-1.698368 0.001274
9	11	21	23	-1.105709 0.001021
9	11	23	25	-0.873673 0.000834
9	11	25	27	-0.253966 0.000248
9	11	27	29	-0.246895 0.000199
10	11	12	13	-145.1311 0.138696
10	11	13	14	-10.99164 0.009022
10	11	14	15	-13.81681 0.013706
10	11	15	16	-8.925297 0.010009
10	11	16	17	-4.141459 0.005453
10	11	17	18	-0.792377 0.001083
10	11	18	19	-0.661898 0.000797
10	11	19	20	-0.454988 0.000413
8	12	16	20	-34.43384 -0.000450
8	12	20	24	-8.222530 0.0000000
8	12	24	28	-2.519133 0.0000000
8	12	28	32	-1.345337 0.000318
9	12	15	18	-67.57701 0.019746
9	12	18	21	-7.309787 0.002468	
9	12	21	24	-3.955327 0.001511
9	12	24	27	-1.526154 0.0000000
9	12	27	30	-0.818227 0.0000000
10	12	14	16	-104.0571 0.086129
10	12	16	18	-19.71376 0.026855
10	12	18	20	-4.204436 0.004574
10	12	20	22	-2.913755 0.001794
10	12	22	24	-2.182047 0.001794
10	12	24	26	-1.024660 0.000897
10	12	26	28	-0.393241 0.000317
10	12	28	30	-0.463153 0.000354
11	12	13	14	-44.20338 0.015791
11	12	14	15	-51.06902 0.011166
11	12	15	16	-30.34925 0.019340
11	12	16	17	-12.47250 0.010811
11	12	17	18	-2.327646 0.001709
11	12	18	19	-1.857555 0.001395
11	12	19	20	-1.243455 0.001305
11	12	20	21	-1.360349 0.000348
9	13	17	21	-34.19736 0.013572
9	13	21	25	-12.58901 0.006786
9	13	25	29	-2.801128 0.001341
10	13	16	19	-89.36269 0.236961
10	13	19	22	-14.81678 0.014618
10	13	22	25	-8.556840 0.009486
10	13	25	28	-1.844431 0.002053
10	13	28	31	-1.547577 0.001511
11	13	15	17	-289.7385 0.590532
11	13	17	19	-19.18125 0.028534
11	13	19	21	-10.73751 0.013707
11	13	21	23	-6.111753 0.008958
11	13	23	25	-4.487418 0.006561
11	13	25	27	-1.202281 0.001713
11	13	27	29	-1.101058 0.001621
11	13	29	31	-0.733869 0.000801
12	13	14	15	-551.0757 0.562820
12	13	15	16	-194.8120 0.281410
12	13	16	17	-52.25824 0.141221
12	13	17	18	-8.423143 0.010004
12	13	18	19	-6.569055 0.007690	
12	13	19	20	-4.331606 0.004524
12	13	20	21	-3.797796 0.003845
12	13	21	22	-2.080555 0.002324
10	14	18	22	-29.61975 -0.000335
10	14	22	26	-11.08843 -0.000083
10	14	26	30	-2.703663 0.000670
11	14	17	20	-31.83017 0.018049
11	14	20	23	-13.73335 0.007134
11	14	23	26	-6.244148 0.003907
11	14	26	29	-1.910861 0.000976
11	14	29	32	-1.244556 0.000282
12	14	16	18	-86.19473 0.242978
12	14	18	20	-14.83926 0.009127
12	14	20	22	-7.657932 0.004563
12	14	22	24	-5.483054 0.003857
12	14	24	26	-2.404699 0.001725
12	14	26	28	-0.862937 0.000528
12	14	28	30	-0.985106 0.000373
12	14	30	32	-0.516068 0.000264
13	14	15	16	-137.8644 0.167841
13	14	16	17	-22.75295 0.056599
13	14	17	18	-3.117759 0.003604
13	14	18	19	-2.398917 0.002548
13	14	19	20	-1.543846 0.001635
13	14	20	21	-1.149712 0.000977
13	14	21	22	-0.622323 0.000463
13	14	22	23	-0.699468 0.000673
11	15	19	23	-29.03800 0.0000000
11	15	23	27	-9.065891 0.002012
11	15	27	31	-2.791564 0.0000000
12	15	18	21	-30.47810 0.012685
12	15	21	24	-11.86214 0.004485
12	15	24	27	-4.034704 0.001942
12	15	27	30	-1.913940 0.000560
13	15	17	19	-17.61617 0.023897
13	15	19	21	-8.234502 0.009218
13	15	21	23	-3.950973 0.005902
13	15	23	25	-2.719674 0.003570
13	15	25	27	-0.653619 0.000728	
13	15	27	29	-0.575383 0.000651
13	15	29	31	-0.378582 0.000423
14	15	16	17	-59.73820 0.228718
14	15	17	18	-6.937197 0.005710
14	15	18	19	-5.159510 0.004423
14	15	19	20	-3.154363 0.002085	
14	15	20	21	-2.386140 0.001728
14	15	21	22	-1.252612 0.000975
14	15	22	23	-1.380718 0.001105
14	15	23	24	-1.041332 0.000781
12	16	20	24	-24.80106 0.008099
12	16	24	28	-5.769945 0.002480
12	16	28	32	-2.554199 0.0000000
13	16	19	22	-16.73187 0.010112
13	16	22	25	-7.640320 0.005056
13	16	25	28	-1.408908 0.000893
13	16	28	31	-1.117998 0.000565
14	16	18	20	-17.19388 0.008210
14	16	20	22	-7.090564 0.003747
14	16	22	24	-4.604023 0.002370
14	16	24	26	-1.880064 0.000936
14	16	26	28	-0.627028 0.000491
14	16	28	30	-0.693840 0.0000000
14	16	30	32	-0.359146 0.000104
15	16	17	18	-11.84747 0.010586
15	16	18	19	-5.716139 0.005293
15	16	19	20	-3.198360 0.002646
15	16	20	21	-2.290842 0.001708
15	16	21	22	-1.177204 0.001010
15	16	22	23	-1.253365 0.001080
15	16	23	24	-0.933631 0.000810
15	16	24	25	-0.665388 0.000573
13	17	21	25	-43.51842 0.010981
13	17	25	29	-5.393158 0.0000000
14	17	20	23	-54.35464 0.0000000
14	17	23	26	-16.71804 0.0000000
14	17	26	29	-3.323590 -0.000003
14	17	29	32	-1.930261 0.000548
15	17	19	21	-68.43264 0.055372
15	17	21	23	-23.52222 0.019577
15	17	23	25	-13.29031 0.010641
15	17	25	27	-2.330759 0.002151
15	17	27	29	-1.832584 0.001277
15	17	29	31	-1.124388 0.000737
16	17	18	19	-88.67563 0.131702
16	17	19	20	-39.39601 0.058176
16	17	20	21	-23.47388 0.035252
16	17	21	22	-10.62272 0.016260
16	17	22	23	-10.44057 0.016462
16	17	23	24	-7.108394 0.010755
16	17	24	25	-4.570132 0.007495
16	17	25	26	-1.165105 0.001760
14	18	22	26	-73.75997 0.0000000
14	18	26	30	-7.510711 0.001756
15	18	21	24	-93.87136 -0.003453
15	18	24	27	-17.36179 -0.000107
15	18	27	30	-4.906910 0.001221
16	18	20	22	-145.2665 0.116519
16	18	22	24	-52.78435 0.054927
16	18	24	26	-14.58236 0.018165
16	18	26	28	-3.167047 0.003641
16	18	28	30	-3.029703 0.003094
16	18	30	32	-1.454228 0.001547
17	18	19	20	-205.8137 0.218602
17	18	20	21	-84.00059 0.073321
17	18	21	22	-27.17852 0.028000
17	18	22	23	-22.32520 0.022861
17	18	23	24	-12.87688 0.012961
17	18	24	25	-7.326733 0.009165
17	18	25	26	-1.508737 0.001984
17	18	26	27	-0.960416 0.001322
15	19	23	27	-66.71205 -0.001583	
15	19	27	31	-8.585976 0.0000000
16	19	22	25	-123.0585 0.079563
16	19	25	28	-9.472880 0.007032
16	19	28	31	-5.789584 0.004202
17	19	21	23	-129.2547 0.125068
17	19	23	25	-45.78942 0.054156
17	19	25	27	-5.260947 0.006075
17	19	27	29	-3.611863 0.003988
17	19	29	31	-2.013458 0.003240
18	19	20	21	-202.5979 -0.011560
18	19	21	22	-47.06141 0.046242
18	19	22	23	-32.69765 0.030586
18	19	23	24	-16.71363 0.015830
18	19	24	25	-8.852595 0.010218
18	19	25	26	-1.714859 0.001911
18	19	26	27	-1.072472 0.001170
18	19	27	28	-0.833854 0.000938
16	20	24	28	-54.25305 0.035637
16	20	28	32	-10.91044 0.007274
17	20	23	26	-106.9284 0.098961
17	20	26	29	-10.61774 0.009670
17	20	29	32	-5.065040 0.004123
18	20	22	24	-175.6499 0.180169
18	20	24	26	-31.34147 0.038504
18	20	26	28	-5.185251 0.005179
18	20	28	30	-4.424890 0.004813
18	20	30	32	-1.997876 0.002406
19	20	21	22	-179.9124 0.269062
19	20	22	23	-89.02814 0.143569
19	20	23	24	-37.17098 0.054922
19	20	24	25	-17.68154 0.029924
19	20	25	26	-3.074048 0.005148
19	20	26	27	-1.857578 0.003094
19	20	27	28	-1.416042 0.002713
19	20	28	29	-1.693738 0.002042
17	21	25	29	-31.68660 0.0000000
18	21	24	27	-81.12112 0.072216
18	21	27	30	-13.82778 0.007917
19	21	23	25	-184.6627 0.279802
19	21	25	27	-14.29017 0.022489
19	21	27	29	-8.537392 0.013282	
19	21	29	31	-4.337472 0.006641
20	21	22	23	-337.0898 0.299108
20	21	23	24	-92.32414 0.084359
20	21	24	25	-37.48715 0.044382
20	21	25	26	-5.892642 0.006609
20	21	26	27	-3.466696 0.003150
20	21	27	28	-2.513778 0.002540
20	21	28	29	-2.911869 0.002818
20	21	29	30	-1.722551 0.001409
18	22	26	30	-31.65539 0.008391
19	22	25	28	-31.74946 0.031598
19	22	28	31	-14.72375 0.011537
20	22	24	26	-100.5379 0.116072
20	22	26	28	-12.61727 0.009596
20	22	28	30	-9.438989 0.006785
20	22	30	32	-3.980945 0.003392
21	22	23	24	-156.0324 0.134670
21	22	24	25	-50.26095 0.062986
21	22	25	26	-6.898654 0.006194
21	22	26	27	-3.912654 0.002272
21	22	27	28	-2.734957 0.000859
21	22	28	29	-3.044717 0.004208
21	22	29	30	-1.748399 0.002541
21	22	30	31	-0.974889 0.001635
19	23	27	31	-37.89176 0.020704
20	23	26	29	-38.28312 0.031733
20	23	29	32	-14.36688 0.011587
21	23	25	27	-34.66794 0.043102
21	23	27	29	-17.19495 0.017771
21	23	29	31	-7.820347 0.009638
22	23	24	25	-142.7815 0.184271
22	23	25	26	-15.57774 0.012876
22	23	26	27	-8.282667 0.004986
22	23	27	28	-5.536039 0.003526
22	23	28	29	-5.878519 0.003219
22	23	29	30	-3.263923 0.001609
22	23	30	31	-1.820197 0.001439
22	23	31	32	-1.814212 0.001246
20	24	28	32	-42.43483 0.0000000
21	24	27	30	-41.65107 0.024223
22	24	26	28	-33.90882 0.020692
22	24	28	30	-20.91512 0.015345
22	24	30	32	-8.094556 0.005666
23	24	25	26	-26.63964 0.022027
23	24	26	27	-12.42457 0.008043
23	24	27	28	-7.664427 0.005320
23	24	28	29	-7.671744 0.004496
23	24	29	30	-4.098873 0.002843
23	24	30	31	-2.247068 0.001589
23	24	31	32	-2.208913 0.001421
22	25	28	31	-79.22903 0.0000000
23	25	27	29	-88.05079 0.098647
23	25	29	31	-27.85686 0.046954
24	25	26	27	-89.79502 0.125896
24	25	27	28	-39.86442 0.028991
24	25	28	29	-32.91392 0.015496
24	25	29	30	-14.12942 0.043141
24	25	30	31	-7.476046 0.004331
24	25	31	32	-6.697735 0.004331
23	26	29	32	-95.44335 -0.005628
24	26	28	30	-159.7951 0.062333
24	26	30	32	-43.04027 0.0000000
25	26	27	28	-117.3799 0.111107
25	26	28	29	-83.07104 0.062992
25	26	29	30	-29.81743 0.023475
25	26	30	31	-15.88225 0.010498
25	26	31	32	-12.96627 0.011135
25	27	29	31	-112.7820 0.028703
26	27	28	29	-194.3327 0.122057
26	27	29	30	-43.35723 0.032003
26	27	30	31	-23.74280 0.006823
26	27	31	32	-15.85598 0.013213
26	28	30	32	-109.3516 0.044761
27	28	29	30	-79.46853 0.194936
27	28	30	31	-45.51547 0.036602
27	28	31	32	-24.19917 0.063637
28	29	30	31	-209.8214 0.212626
28	29	31	32	-105.1440 0.152048
29	30	31	32	-212.1141 0.389331
1	4	2	3	652.0482 0.0000000
2	5	3	4	707.0970 0.158292
3	6	4	5	1327.933 -0.193354
1	7	3	5	410.4247 0.144399
4	7	5	6	920.2844 0.0000000
2	8	4	6	486.8984 0.155308
5	8	6	7	692.7288 0.0000000
3	9	5	7	259.5962 0.119290
6	9	7	8	697.6757 0.523769
1	10	4	7	195.7875 0.0000000	
4	10	6	8	304.3416 -0.021554
7	10	8	9	360.1952 0.206850
2	11	5	8	201.0461 -0.011836
5	11	7	9	408.9615 0.0000000
8	11	9	10	201.9423 0.130394
3	12	6	9	225.6761 0.060970
6	12	8	10	276.6300 0.128511
9	12	10	11	254.0738 0.0000000
1	13	5	9	134.8709 0.040272
4	13	7	10	176.4550 0.042602
7	13	9	11	89.48122 0.058671
10	13	11	12	310.8491 0.530642
2	14	6	10	142.2105 -0.012553
5	14	8	11	145.8940 0.059853	
8	14	10	12	174.3035 0.0000000
11	14	12	13	1091.484 0.460186
3	15	7	11	115.8286 0.038757	
6	15	9	12	111.3181 0.050642
9	15	11	13	464.5715 0.0000000
12	15	13	14	243.1435 0.159945
1	16	6	11	85.18919 0.018150
4	16	8	12	89.46269 0.0000000
7	16	10	13	161.7693 0.0000000
10	16	12	14	248.0559 0.130476
13	16	14	15	722.8640 0.887684
2	17	7	12	78.21675 0.025882
5	17	9	13	82.12204 0.037469
8	17	11	14	113.7811 0.060014
11	17	13	15	97.97714 0.046716
14	17	15	16	418.1074 0.378274
3	18	8	13	79.04005 0.0000000
6	18	10	14	84.24976 0.031910
9	18	12	15	139.8318 0.057409
12	18	14	16	176.3362 0.081125	
15	18	16	17	353.2027 0.317100
1	19	7	13	76.66531 0.016597
4	19	9	14	56.69576 0.012972
7	19	11	15	88.48754 0.045083
10	19	13	16	82.85279 0.094676
13	19	15	17	445.6043 0.285890
16	19	17	18	394.8493 0.541534
2	20	8	14	60.68630 0.024443
5	20	10	15	64.70662 0.031893
8	20	12	16	82.89345 0.069799
11	20	14	17	157.5812 0.141582	
14	20	16	18	344.8824 0.357282
17	20	18	19	428.8869 0.628452	
3	21	9	15	44.81554 -0.000340
6	21	11	16	70.58611 0.043392
9	21	13	17	100.2343 0.101194	
12	21	15	18	213.2733 0.146899
15	21	17	19	234.8581 0.328198
18	21	19	20	591.4768 0.735827	
1	22	8	15	48.83038 0.013475
4	22	10	16	46.47328 -0.000230
7	22	12	17	88.44089 0.032062	
10	22	14	18	143.0697 0.097939
13	22	16	19	252.7760 0.119455
16	22	18	20	264.2351 0.305982
19	22	20	21	813.6412 0.634836
2	23	9	16	35.74545 0.0000000
5	23	11	17	67.08362 0.026859
8	23	13	18	81.20134 0.032190
11	23	15	19	132.4665 0.0000000
14	23	17	20	171.3363 0.0000000
17	23	19	21	313.2682 0.151463
20	23	21	22	503.1486 0.434223
3	24	10	17	42.48304 0.014668
6	24	12	18	70.59198 0.047306
9	24	14	19	88.92470 0.035437
12	24	16	20	118.8808 0.025983
15	24	18	21	152.0897 0.051477
18	24	20	22	301.9891 0.188161
21	24	22	23	692.5566 0.687442	
1	25	9	17	31.78224 0.008114
4	25	11	18	44.17769 0.016054
7	25	13	19	47.54766 0.020265
10	25	15	20	74.02686 0.040432
13	25	17	21	94.11496 0.056225
16	25	19	22	96.90736 0.062164
19	25	21	23	238.4150 0.349420
22	25	23	24	397.5401 0.380412
2	26	10	18	35.48725 0.0000000
5	26	12	19	49.09974 0.042234
8	26	14	20	54.65651 0.016956
11	26	16	21	74.19542 0.016852
14	26	18	22	87.98300 -0.003137
17	26	20	23	140.9186 0.059756	
20	26	22	24	318.4705 0.351686
23	26	24	25	479.6835 0.374889
3	27	11	19	38.34798 -0.000448
6	27	13	20	44.88862 0.025714
9	27	15	21	67.02329 0.021400
12	27	17	22	66.98323 0.019667
15	27	19	23	96.73246 0.0000000
18	27	21	24	181.2029 0.053650
21	27	23	25	398.3473 0.392533
24	27	25	26	343.0284 0.369168
1	28	10	19	32.81372 0.007960	
4	28	12	20	41.17320 0.020821
7	28	14	21	51.38873 0.018894
10	28	16	22	65.12900 0.029154
13	28	18	23	88.48118 0.045339
16	28	20	24	99.19248 0.057398
19	28	22	25	258.4398 0.211051
22	28	24	26	388.8342 0.327812
25	28	26	27	422.2059 0.397374
2	29	11	20	34.11009 0.060308
5	29	13	21	39.03398 0.060642
8	29	15	22	49.11389 0.133265
11	29	17	23	56.30746 0.154272
14	29	19	24	82.72686 0.201225	
17	29	21	25	137.2144 0.465400
20	29	23	26	267.1732 0.665149
23	29	25	27	242.2525 0.888574
26	29	27	28	367.1899 1.467023
3	30	12	21	34.39260 0.008829
6	30	14	22	41.68282 0.022027	
9	30	16	23	54.38267 0.012622
12	30	18	24	59.99826 0.0000000
15	30	20	25	95.00424 0.022185
18	30	22	26	185.5235 0.047417
21	30	24	27	243.5274 0.067346
24	30	26	28	225.3576 0.110760
27	30	28	29	707.4773 0.651268	
1	31	11	21	31.15403 -0.000338
4	31	13	22	31.11841 0.008698
7	31	15	23	43.00700 0.013144
10	31	17	24	49.54572 0.017548
13	31	19	25	82.76436 0.023367
16	31	21	26	102.8909 0.0000000
19	31	23	27	178.4444 0.123973
22	31	25	28	176.8832 0.062282
25	31	27	29	347.5055 0.207921
28	31	29	30	521.7711 0.378972
2	32	12	22	29.86608 -0.000377
5	32	14	23	35.53947 0.027696
8	32	16	24	43.10728 0.020789
11	32	18	25	53.57129 0.012441
14	32	20	26	82.70447 0.018113
17	32	22	27	115.2051 0.033850
20	32	24	28	155.2687 0.034785
23	32	26	29	174.1236 0.098227
26	32	28	30	389.0161 0.219889
29	32	30	31	402.4643 0.674297
3	4	1	2	-217.8063 0.0000000
4	5	1	2	-181.0810 0.0000000
4	5	2	3	-448.6814 0.202456
5	6	1	2	-39.85173 0.023428
5	6	2	3	-67.35404 0.019129
5	6	3	4	-251.7813 0.120983
5	7	1	3	-160.4059 0.0000000
6	7	1	2	-20.99299 0.012933
6	7	2	3	-32.11585 0.018290
6	7	3	4	-101.8336 0.059735
6	7	4	5	-423.7900 0.292645
6	8	2	4	-186.0535 0.115337
7	8	1	2	-10.58569 0.002778
7	8	2	3	-13.84127 0.0000000
7	8	3	4	-38.26531 -0.000491
7	8	4	5	-132.7765 -0.003929
7	8	5	6	-434.2225 0.125758
7	9	1	3	-32.89333 0.018825
7	9	3	5	-214.8239 0.075300	
8	9	1	2	-3.952832 -0.000007
8	9	2	3	-4.555102 -0.000007
8	9	3	4	-11.45195 -0.000061
8	9	4	5	-32.72985 -0.000491
8	9	5	6	-66.67931 -0.003935
8	9	6	7	-73.93095 0.015740
7	10	1	4	-84.30792 0.032938
8	10	2	4	-17.41447 -0.000236
8	10	4	6	-106.4620 0.0000000
9	10	1	2	-0.390218 0.000152
9	10	2	3	-0.413509 0.000196
9	10	3	4	-0.996850 0.000497
9	10	4	5	-2.629771 0.001219
9	10	5	6	-4.454752 0.001991
9	10	6	7	-4.191737 0.002226
9	10	7	8	-16.32601 0.010537
8	11	2	5	-55.16436 0.0000000
9	11	1	3	-1.315235 0.000727
9	11	3	5	-5.800460 0.002910
9	11	5	7	-13.31282 0.005206
10	11	1	2	-0.250210 0.000293
10	11	2	3	-0.261513 0.000317
10	11	3	4	-0.619049 0.000769
10	11	4	5	-1.557566 0.001795
10	11	5	6	-2.492355 0.002952
10	11	6	7	-2.171861 0.002538
10	11	7	8	-6.588065 0.007788
10	11	8	9	-53.24705 0.071042
9	12	3	6	-20.89307 0.009195
10	12	2	4	-2.514604 0.000901
10	12	4	6	-11.04482 0.006746
10	12	6	8	-20.22631 0.016127
11	12	2	3	-0.494442 0.000279
11	12	3	4	-1.153957 0.000707
11	12	4	5	-2.821578 0.001733
11	12	5	6	-4.185805 0.002237
11	12	6	7	-3.303350 0.002001
11	12	7	8	-8.139427 0.005295
11	12	8	9	-40.98262 0.039218	
11	12	9	10	-99.85110 0.341901
9	13	1	5	-19.22821 0.004752
10	13	1	4	-6.456174 0.003743
10	13	4	7	-29.26608 0.020089
11	13	1	3	-2.432995 0.002687
11	13	3	5	-9.722026 0.009615
11	13	5	7	-16.23470 0.023877
11	13	7	9	-92.97582 0.140438
12	13	3	4	-1.739971 0.002173
12	13	4	5	-3.975472 0.004785
12	13	5	6	-5.097366 0.005661
12	13	6	7	-3.660902 0.003857
12	13	7	8	-8.406774 0.009570
12	13	8	9	-35.42446 0.041052
12	13	9	10	-49.61277 0.060528
12	13	10	11	-143.2611 0.132612
10	14	2	6	-27.33472 0.007619
11	14	2	5	-12.27222 0.0000000
11	14	5	8	-35.52423 0.009065
12	14	2	4	-3.021337 0.002709
12	14	4	6	-10.70764 0.006411
12	14	6	8	-13.93220 0.008394
12	14	8	10	-95.29917 0.102581
13	14	4	5	-0.764250 0.000963
13	14	5	6	-0.863806 0.000857
13	14	6	7	-0.545675 0.000393
13	14	7	8	-1.317636 0.001362
13	14	8	9	-4.937544 0.005098
13	14	9	10	-5.541485 0.005672
13	14	10	11	-10.87273 0.008325
13	14	11	12	-43.77513 0.043602
11	15	3	7	-32.42459 -0.000385
12	15	3	6	-15.84887 0.0000000
12	15	6	9	-64.60745 -0.001585
13	15	1	3	-0.760753 0.001161
13	15	3	5	-2.820010 0.004274
13	15	5	7	-3.622177 0.002734
13	15	7	9	-15.64038 0.016303
13	15	9	11	-37.93595 0.039936
14	15	5	6	-1.332952 0.000862
14	15	6	7	-0.884725 0.000835
14	15	7	8	-2.031671 0.001830
14	15	8	9	-7.350529 0.005978
14	15	9	10	-7.729660 0.004566
14	15	10	11	-13.76909 0.010916
14	15	11	12	-50.90752 0.036532
14	15	12	13	-551.1809 0.312435
12	16	4	8	-34.03174 0.010118
13	16	1	4	-2.429320 0.002537	
13	16	4	7	-8.052968 0.003930
13	16	7	10	-40.89510 0.018153
14	16	2	4	-1.348713 0.000557
14	16	4	6	-4.344862 0.001286
14	16	6	8	-5.071030 0.0000000
14	16	8	10	-25.55682 0.0000000
14	16	10	12	-103.9686 0.0000000
15	16	6	7	-0.665501 0.000427
15	16	7	8	-1.503613 0.001210
15	16	8	9	-5.217123 0.004330
15	16	9	10	-5.230230 0.003423
15	16	10	11	-8.744414 0.008101
15	16	11	12	-30.51994 0.027387
15	16	12	13	-194.8095 0.162486
15	16	13	14	-138.5112 0.120004
13	17	1	5	-6.818714 0.001968
13	17	5	9	-34.34379 -0.000738
14	17	2	5	-4.788406 0.0000000
14	17	5	8	-10.34286 0.002528
14	17	8	11	-58.81678 0.014304
15	17	1	3	-0.705084 0.000553
15	17	3	5	-2.499336 0.001853
15	17	5	7	-3.285846 0.001981
15	17	7	9	-11.79617 0.008408
15	17	9	11	-20.93998 0.014831
15	17	11	13	-289.1947 0.190271
16	17	7	8	-1.318211 0.001776
16	17	8	9	-3.761860 0.005025
16	17	9	10	-2.929628 0.003424
16	17	10	11	-4.058869 0.005372
16	17	11	12	-12.37895 0.015432
16	17	12	13	-51.77431 0.058857
16	17	13	14	-22.56070 0.027918
16	17	14	15	-59.50918 0.060787
14	18	2	6	-8.895549 -0.000027
14	18	6	10	-41.57700 0.017115
15	18	3	6	-5.210149 0.001548
15	18	6	9	-14.78823 0.0000000
15	18	9	12	-67.54149 0.0000000
16	18	2	4	-0.781610 0.001104
16	18	4	6	-2.426165 0.003125
16	18	6	8	-2.664400 0.003258
16	18	8	10	-8.313360 0.010094
16	18	10	12	-19.59570 0.025000
16	18	12	14	-86.04080 0.106325
17	18	8	9	-0.989838 0.001565
17	18	9	10	-0.625477 0.001037
17	18	10	11	-0.790094 0.001415
17	18	11	12	-2.350528 0.003911
17	18	12	13	-8.462554 0.013967
17	18	13	14	-3.137086 0.005531
17	18	14	15	-6.966760 0.012523
17	18	15	16	-11.81561 0.017710
15	19	3	7	-7.617046 -0.000024
15	19	7	11	-37.83147 0.012541
16	19	1	4	-1.256487 0.001277
16	19	4	7	-4.049118 0.003832
16	19	7	10	-11.66030 0.009896
16	19	10	13	-88.95304 0.070812
17	19	1	3	-0.242924 0.000351
17	19	3	5	-0.812950 0.001121
17	19	5	7	-1.018727 0.001295
17	19	7	9	-2.516606 0.003404
17	19	9	11	-2.585824 0.003219
17	19	11	13	-19.29269 0.024596
17	19	13	15	-17.70610 0.022955
18	19	9	10	-0.510316 0.000602
18	19	10	11	-0.658863 0.001374
18	19	11	12	-1.883046 0.001205
18	19	12	13	-6.584193 0.007775
18	19	13	14	-2.398292 0.002749
18	19	14	15	-5.165780 0.006469
18	19	15	16	-5.712679 0.006646
18	19	16	17	-88.03105 0.094495
16	20	4	8	-7.055064 0.004054
16	20	8	12	-34.34887 0.022934
17	20	2	5	-1.329870 0.001155
17	20	5	8	-2.471877 0.001933
17	20	8	11	-5.772841 0.005845
17	20	11	14	-31.90053 0.027417
18	20	2	4	-0.337938 0.000540
18	20	4	6	-0.992940 0.001399
18	20	6	8	-0.971810 0.001131
18	20	8	10	-2.260048 0.003384
18	20	10	12	-4.231563 0.008853
18	20	12	14	-14.79092 0.015216
18	20	14	16	-17.20980 0.017570
19	20	10	11	-0.453305 0.000922
19	20	11	12	-1.255825 0.001316
19	20	12	13	-4.274574 0.004874
19	20	13	14	-1.513121 0.001450
19	20	14	15	-3.096727 0.003656
19	20	15	16	-3.169685 0.003587
19	20	16	17	-39.11076 0.043601
19	20	17	18	-196.4323 0.168490	
17	21	1	5	-2.036342 0.001141
17	21	5	9	-6.300936 0.002282
17	21	9	13	-34.31724 0.009130
18	21	3	6	-1.911144 0.001554
18	21	6	9	-3.526048 0.002976
18	21	9	12	-7.363701 0.009496
18	21	12	15	-30.43589 0.022700
19	21	1	3	-0.229236 0.000380
19	21	3	5	-0.750954 0.001119
19	21	5	7	-0.891308 0.001327
19	21	7	9	-1.870079 0.002690
19	21	9	11	-1.686950 0.002620
19	21	11	13	-10.69869 0.018717
19	21	13	15	-8.198226 0.011686
19	21	15	17	-68.27102 0.108541
20	21	11	12	-1.323881 0.001456
20	21	12	13	-3.805289 0.003997
20	21	13	14	-1.190009 0.000790
20	21	14	15	-2.437192 0.002119
20	21	15	16	-2.323428 0.002060
20	21	16	17	-23.72594 0.027109
20	21	17	18	-83.70794 0.081526
20	21	18	19	-204.4023 0.0000000
18	22	2	6	-2.582134 -0.000002
18	22	6	10	-5.772429 0.0000000
18	22	10	14	-29.59705 -0.000258
19	22	1	4	-0.645008 0.000782
19	22	4	7	-1.908495 0.001831
19	22	7	10	-3.465356 0.003518
19	22	10	13	-14.74048 0.013476
19	22	13	16	-16.73652 0.015203
20	22	2	4	-0.322955 0.000320
20	22	4	6	-0.928256 0.000879
20	22	6	8	-0.854453 0.000717
20	22	8	10	-1.678402 0.001435
20	22	10	12	-2.840487 0.003273
20	22	12	14	-7.708893 0.006546
20	22	14	16	-7.190696 0.005447
20	22	16	18	-145.3824 0.142322
21	22	12	13	-2.082663 0.001588
21	22	13	14	-0.633357 0.000765
21	22	14	15	-1.266176 0.001342
21	22	15	16	-1.182794 0.001162
21	22	16	17	-10.66041 0.009302
21	22	17	18	-27.08134 0.023533
21	22	18	19	-47.81075 0.023533
21	22	19	20	-178.2352 0.158452
19	23	3	7	-3.021218 0.002421
19	23	7	11	-6.046454 0.004565
19	23	11	15	-28.96991 0.017084
20	23	2	5	-1.203951 0.001224
20	23	5	8	-2.009090 0.001910
20	23	8	11	-3.556500 0.004333
20	23	11	14	-13.78760 0.012920
20	23	14	17	-54.63023 0.041666
21	23	3	5	-0.638437 0.000656
21	23	5	7	-0.741733 0.000734
21	23	7	9	-1.397926 0.001257
21	23	9	11	-1.102724 0.001468
21	23	11	13	-6.116442 0.004550
21	23	13	15	-3.966390 0.012087
21	23	15	17	-23.55105 0.030938
21	23	17	19	-130.7616 0.153499
22	23	13	14	-0.704870 0.000258
22	23	14	15	-1.388811 0.000843
22	23	15	16	-1.254096 0.000730
22	23	16	17	-10.46222 0.006313
22	23	17	18	-22.24151 0.015092
22	23	18	19	-33.30783 0.009545
22	23	19	20	-87.82708 0.042688
22	23	20	21	-336.5525 0.170755
20	24	4	8	-3.549834 0.001397
20	24	8	12	-8.144750 0.001976
20	24	12	16	-24.96167 0.009684
21	24	3	6	-1.612679 0.001192
21	24	6	9	-2.539594 0.001994
21	24	9	12	-3.907250 0.002611
21	24	12	15	-11.90018 0.008530
21	24	15	18	-93.78513 0.072380
22	24	4	6	-0.923939 0.000611
22	24	6	8	-0.841433 0.000735
22	24	8	10	-1.436877 0.000911
22	24	10	12	-2.157378 0.000998
22	24	12	14	-5.482158 0.003995
22	24	14	16	-4.616614 0.003825
22	24	16	18	-52.65494 0.041266
22	24	18	20	-174.9692 0.147638
23	24	14	15	-1.042171 0.000611
23	24	15	16	-0.929841 0.000516
23	24	16	17	-7.098660 0.004131
23	24	17	18	-12.81460 0.006400
23	24	18	19	-16.94277 0.006400
23	24	19	20	-36.68606 0.020902
23	24	20	21	-92.35530 0.055302
23	24	21	22	-155.8192 0.059121
21	25	1	5	-1.659597 0.001019
21	25	5	9	-4.099105 0.002437
21	25	9	13	-12.56231 0.008719
21	25	13	17	-43.63854 0.012331
22	25	1	4	-0.629907 0.000262
22	25	4	7	-1.799836 0.0000000
22	25	7	10	-2.699719 0.001355
22	25	10	13	-8.552807 0.003429
22	25	13	16	-7.688989 0.0000000
22	25	16	19	-124.0990 0.038805
23	25	5	7	-0.712690 0.000515
23	25	7	9	-1.250347 0.000940
23	25	9	11	-0.872100 0.000297
23	25	11	13	-4.500584 0.003146
23	25	13	15	-2.740252 0.003032
23	25	15	17	-13.33470 0.011157
23	25	17	19	-46.28728 0.032960
23	25	19	21	-184.9399 0.131842
24	25	15	16	-0.671168 0.000817
24	25	16	17	-4.628917 0.005667
24	25	17	18	-7.404796 0.009019
24	25	18	19	-9.101978 0.009706
24	25	19	20	-17.74289 0.021899
24	25	20	21	-38.07970 0.040550
24	25	21	22	-50.95258 0.064115
24	25	22	23	-144.5607 0.175197
22	26	2	6	-2.056046 0.0000000
22	26	6	10	-3.567829 0.0000000
22	26	10	14	-11.09831 -0.000029
22	26	14	18	-73.91997 -0.001880
23	26	2	5	-0.889679 0.000354
23	26	5	8	-1.418395 0.000501
23	26	8	11	-1.981703 0.000868
23	26	11	14	-6.266662 0.0000000
23	26	14	17	-16.78050 0.006946
23	26	17	20	-107.1471 0.032086
24	26	6	8	-0.516359 0.000303
24	26	8	10	-0.775479 0.000371
24	26	10	12	-1.027552 0.000429
24	26	12	14	-2.428245 0.001606
24	26	14	16	-1.898313 0.001288
24	26	16	18	-14.72622 0.007680
24	26	18	20	-31.67138 0.015361
24	26	20	22	-101.8939 0.047596
25	26	16	17	-1.174739 0.001111
25	26	17	18	-1.520483 0.001442
25	26	18	19	-1.752119 0.001442
25	26	19	20	-3.080273 0.003059
25	26	20	21	-5.963681 0.003532
25	26	21	22	-6.966405 0.006449
25	26	22	23	-15.71324 0.014129
25	26	23	24	-26.79579 0.022340
23	27	3	7	-1.880618 -0.000001
23	27	7	11	-2.828190 0.000719
23	27	11	15	-9.098753 0.0000000
23	27	15	19	-67.27123 0.0000000
24	27	3	6	-0.915530 0.0000000
24	27	6	9	-1.289019 -0.000000
24	27	9	12	-1.529692 0.000490
24	27	12	15	-4.068691 -0.000005
24	27	15	18	-17.50162 0.005547
24	27	18	21	-81.99162 0.0000000
25	27	7	9	-0.451832 0.000497
25	27	9	11	-0.253107 0.000276
25	27	11	13	-1.200896 0.001188
25	27	13	15	-0.654586 0.000751
25	27	15	17	-2.329519 0.002942
25	27	17	19	-5.289943 0.009426
25	27	19	21	-14.26385 0.037547
25	27	21	23	-34.72870 0.009818
26	27	17	18	-0.949981 0.001333
26	27	18	19	-1.071986 0.001435
26	27	19	20	-1.817620 0.002837
26	27	20	21	-3.429085 0.002997
26	27	21	22	-3.861563 0.002447
26	27	22	23	-8.174943 0.005995
26	27	23	24	-12.28039 0.009157
26	27	24	25	-87.86150 0.039160
24	28	4	8	-1.647807 0.0000000
24	28	8	12	-2.529202 -0.000001
24	28	12	16	-5.816729 0.0000000
24	28	16	20	-54.67906 -0.001571
25	28	1	4	-0.241038 0.000154
25	28	4	7	-0.652995 0.000195
25	28	7	10	-0.808842 0.000276
25	28	10	13	-1.845341 0.000677
25	28	13	16	-1.411208 0.000553
25	28	16	19	-9.520037 0.003129
25	28	19	22	-31.79921 -0.000391
26	28	8	10	-0.334822 0.000165
26	28	10	12	-0.392183 0.000213
26	28	12	14	-0.863579 0.000270
26	28	14	16	-0.627138 0.000405
26	28	16	18	-3.156789 0.001529
26	28	18	20	-5.156941 0.002163
26	28	20	22	-12.56339 0.005300
26	28	22	24	-33.67853 0.021200
27	28	18	19	-0.845097 0.001275
27	28	19	20	-1.404880 0.002609
27	28	20	21	-2.522916 0.002035
27	28	21	22	-2.733088 0.000769
27	28	22	23	-5.532279 0.003077
27	28	23	24	-7.656625 0.004352
27	28	24	25	-39.48298 0.015078
27	28	25	26	-117.5661 0.104464
25	29	1	5	-0.706917 0.001551
25	29	5	9	-1.497274 0.003085
25	29	9	13	-2.805888 0.005869
25	29	13	17	-5.397525 0.011426
25	29	17	21	-31.73284 0.060939
26	29	2	5	-0.450038 0.001241
26	29	5	8	-0.678748 0.001711
26	29	8	11	-0.755825 0.001976
26	29	11	14	-1.911537 0.004891
26	29	14	17	-3.320696 0.008727
26	29	17	20	-10.58187 0.027668
26	29	20	23	-38.13672 0.100617
27	29	9	11	-0.249032 0.000865
27	29	11	13	-1.103437 0.003238
27	29	13	15	-0.576211 0.001673
27	29	15	17	-1.836001 0.005545
27	29	17	19	-3.631897 0.010757
27	29	19	21	-8.535057 0.025505
27	29	21	23	-17.18750 0.052462
27	29	23	25	-87.71304 0.241209
28	29	19	20	-1.685923 0.005061
28	29	20	21	-2.917807 0.008537	
28	29	21	22	-3.045523 0.008318
28	29	22	23	-5.876061 0.016380
28	29	23	24	-7.664885 0.021362
28	29	24	25	-32.70769 0.087017
28	29	25	26	-84.05982 0.215670
28	29	26	27	-193.9602 0.573447
26	30	2	6	-0.916699 0.000227
26	30	6	10	-1.308921 0.0000000
26	30	10	14	-2.698438 0.0000000
26	30	14	18	-7.492211 0.0000000
26	30	18	22	-31.52358 -0.000455
27	30	3	6	-0.651962 0.000449
27	30	6	9	-0.843663 0.000537
27	30	9	12	-0.817141 0.000537
27	30	12	15	-1.912186 0.001075
27	30	15	18	-4.894886 0.002720
27	30	18	21	-13.80244 0.007694
27	30	21	24	-41.48465 0.028788
28	30	10	12	-0.460525 0.000245
28	30	12	14	-0.979923 0.000425
28	30	14	16	-0.688479 0.000388
28	30	16	18	-3.013545 0.000982
28	30	18	20	-4.395502 0.0000000
28	30	20	22	-9.378366 0.006216
28	30	22	24	-20.74148 0.012432
28	30	24	26	-160.4426 0.077042
29	30	20	21	-1.708527 0.003702
29	30	21	22	-1.728850 0.003603
29	30	22	23	-3.215697 0.006836
29	30	23	24	-4.039494 0.008594
29	30	24	25	-13.83630 0.029927
29	30	25	26	-29.93807 0.066573
29	30	26	27	-43.11143 0.097236
29	30	27	28	-81.33286 0.218782
27	31	3	7	-0.992484 0.0000000
27	31	7	11	-1.206029 0.000280
27	31	11	15	-2.791337 0.000793
27	31	15	19	-8.603353 0.0000000
27	31	19	23	-37.77735 0.0000000
28	31	1	4	-0.235830 0.000173
28	31	4	7	-0.639244 0.000465
28	31	7	10	-0.750493 0.000580
28	31	10	13	-1.542542 0.001075
28	31	13	16	-1.112157 0.000877
28	31	16	19	-5.783517 0.004808
28	31	19	22	-14.64115 0.008600
28	31	22	25	-78.78417 0.019862
29	31	11	13	-0.733080 0.001848
29	31	13	15	-0.378276 0.001023
29	31	15	17	-1.120555 0.002903
29	31	17	19	-2.017147 0.004677
29	31	19	21	-4.312165 0.011215
29	31	21	23	-7.753967 0.023618
29	31	23	25	-27.60610 0.079007
29	31	25	27	-113.1763 0.316028
30	31	21	22	-0.977546 0.000717
30	31	22	23	-1.821219 0.001434
30	31	23	24	-2.248631 0.001955
30	31	24	25	-7.437658 0.006135
30	31	25	26	-16.05904 0.013015
30	31	26	27	-23.70037 0.019402
30	31	27	28	-44.31402 0.061355
30	31	28	29	-208.9862 0.049084
28	32	4	8	-1.075901 0.000824
28	32	8	12	-1.339516 0.001116
28	32	12	16	-2.543042 0.001904
28	32	16	20	-10.86255 0.009332
28	32	20	24	-42.17433 0.034077
29	32	2	5	-0.324547 0.000934
29	32	5	8	-0.493692 0.001332
29	32	8	11	-0.521834 0.001430
29	32	11	14	-1.240793 0.003382
29	32	14	17	-1.919818 0.005376
29	32	17	20	-5.039240 0.013812
29	32	20	23	-14.27040 0.039847
29	32	23	26	-95.61090 0.257106
30	32	12	14	-0.514650 0.000469
30	32	14	16	-0.357387 0.000378
30	32	16	18	-1.449883 0.001678
30	32	18	20	-1.992351 0.002447
30	32	20	22	-3.963021 0.003357
30	32	22	24	-8.044018 0.006715
30	32	24	26	-43.07977 0.035536
30	32	26	28	-108.3885 0.120134
31	32	22	23	-1.787071 0.001912
31	32	23	24	-2.179265 0.002458
31	32	24	25	-6.567302 0.007650
31	32	25	26	-12.97092 0.014620
31	32	26	27	-15.82626 0.020177
31	32	27	28	-24.70749 0.047321
31	32	28	29	-103.0362 0.057071
31	32	29	30	-209.9757 0.102093
2	3	1	4	655.7032 -0.215626
3	4	2	5	711.3165 0.304447
3	5	1	7	414.0727 0.0000000
4	5	3	6	1330.670 0.0000000
4	6	2	8	487.7880 0.130958
5	6	4	7	923.6428 1.059126
4	7	1	10	196.1990 0.067509	
5	7	3	9	259.3685 0.0000000
6	7	5	8	692.5867 0.674060
5	8	2	11	200.4882 0.052121
6	8	4	10	303.5111 0.115439
7	8	6	9	697.0955 0.0000000
5	9	1	13	134.6904 0.0000000
6	9	3	12	225.5380 0.143049
7	9	5	11	406.4214 0.103560
8	9	7	10	360.9491 0.189805
6	10	2	14	142.0386 0.096264
7	10	4	13	175.9418 0.0000000
8	10	6	12	276.5447 -0.025292
9	10	8	11	202.0700 0.257600
6	11	1	16	85.19174 0.042096
7	11	3	15	115.4450 -0.003159
8	11	5	14	146.1454 0.058041
9	11	7	13	89.70928 0.063122
10	11	9	12	256.0092 0.245982
7	12	2	17	77.90563 -0.001628
8	12	4	16	89.71916 0.024280
9	12	6	15	111.2146 0.051333
10	12	8	14	174.1425 0.177159
11	12	10	13	310.3096 0.0000000
7	13	1	19	76.60009 -0.002093
8	13	3	18	79.14321 0.038965
9	13	5	17	82.11707 0.099827
10	13	7	16	162.3752 0.351667
11	13	9	15	463.5598 0.947837
12	13	11	14	1088.943 1.708534
8	14	2	20	60.66357 0.0000000
9	14	4	19	56.76259 0.0000000
10	14	6	18	84.29256 0.0000000
11	14	8	17	113.8134 0.081872
12	14	10	16	249.5131 0.319602
13	14	12	15	241.3602 0.311344
8	15	1	22	48.84191 -0.000747
9	15	3	21	44.81232 0.0000000
10	15	5	20	64.77203 0.017376
11	15	7	19	88.65172 0.043849
12	15	9	18	140.1804 0.050451
13	15	11	17	98.17045 0.124369
14	15	13	16	722.4197 0.519777
9	16	2	23	35.75541 0.009335
10	16	4	22	46.52461 0.022823
11	16	6	21	70.63440 0.036279
12	16	8	20	83.23287 0.044386
13	16	10	19	83.35307 0.138779
14	16	12	18	176.6726 0.071663
15	16	14	17	416.9811 0.680266
9	17	1	25	31.78993 -0.000497
10	17	3	24	42.50440 0.028242
11	17	5	23	67.10805 0.037143
12	17	7	22	88.61268 0.060162
13	17	9	21	100.3744 0.111966
14	17	11	20	158.0264 0.100713
15	17	13	19	444.4074 0.590138
16	17	15	18	353.4180 0.723218
10	18	2	26	35.52116 0.0000000
11	18	4	25	44.21289 0.021417
12	18	6	24	70.67562 0.035088
13	18	8	23	81.27870 0.043451
14	18	10	22	143.6313 0.039796
15	18	12	21	213.5267 0.140354
16	18	14	20	346.8655 0.473483
17	18	16	19	402.7047 0.506687
10	19	1	28	32.81241 0.015758
11	19	3	27	38.27134 0.019600
12	19	5	26	49.02569 0.024741
13	19	7	25	47.45312 0.028110
14	19	9	24	88.70245 0.049159
15	19	11	23	131.9528 0.117756	
16	19	13	22	252.3228 0.426994
17	19	15	21	232.8034 0.348095
18	19	17	20	421.8077 0.306074
11	20	2	29	34.08327 0.012402
12	20	4	28	41.24916 0.029518
13	20	6	27	44.84656 0.023051
14	20	8	26	54.63652 0.036350	
15	20	10	25	74.08142 0.047842
16	20	12	24	118.6340 0.171968
17	20	14	23	171.1459 0.274987
18	20	16	22	263.7629 0.381776
19	20	18	21	588.0508 0.680272
11	21	1	31	31.10590 0.009553
12	21	3	30	34.35337 0.018303
13	21	5	29	38.99456 0.019814
14	21	7	28	51.46927 0.030053
15	21	9	27	67.04911 0.073980
16	21	11	26	74.21475 0.116452
17	21	13	25	94.16602 0.170757
18	21	15	24	151.7796 0.261027
19	21	17	23	313.3552 0.547621
20	21	19	22	814.6009 0.651253
12	22	2	32	29.79961 0.0000000
13	22	4	31	31.06780 0.012969
14	22	6	30	41.61256 -0.000543
15	22	8	29	49.11371 0.019599
16	22	10	28	65.27505 0.031296
17	22	12	27	67.00210 0.033913
18	22	14	26	88.03992 0.057912
19	22	16	25	96.90946 0.148634
20	22	18	24	301.4385 0.328008	
21	22	20	23	502.1150 0.505307
14	23	5	32	35.42540 -0.000392
15	23	7	31	42.90879 0.0000000	
16	23	9	30	54.23561 0.0000000
17	23	11	29	56.28750 -0.001376
18	23	13	28	88.52960 0.0000000
19	23	15	27	96.61154 0.147527
20	23	17	26	140.9244 0.150790
21	23	19	25	239.0888 0.268304
22	23	21	24	689.5180 0.503248
16	24	8	32	42.89433 -0.000939
17	24	10	31	49.44594 0.020687	
18	24	12	30	59.84555 0.028121
19	24	14	29	82.73547 0.133755
20	24	16	28	99.49526 0.122975
21	24	18	27	181.1166 0.265494
22	24	20	26	318.0985 0.306316
23	24	22	25	397.4731 0.320331
18	25	11	32	53.28197 -0.000785
19	25	13	31	82.65328 0.122418	
20	25	15	30	94.97724 0.084455
21	25	17	29	137.4944 0.177779
22	25	19	28	260.2723 0.190350
23	25	21	27	399.4094 0.422063
24	25	23	26	481.3965 0.817756
20	26	14	32	82.02410 0.034080
21	26	16	31	102.5251 0.053094	
22	26	18	30	185.0854 0.084621
23	26	20	29	267.6844 0.203816
24	26	22	28	390.2572 0.382401
25	26	24	27	342.8095 0.331524
22	27	17	32	113.7902 0.0000000
23	27	19	31	178.2346 0.122758
24	27	21	30	243.3861 0.113758
25	27	23	29	241.8758 0.250921
26	27	25	28	421.8600 0.393090
24	28	20	32	154.4002 0.342144
25	28	22	31	176.1708 0.141437
26	28	24	30	224.8977 0.116192
27	28	26	29	365.7403 0.318951
26	29	23	32	172.7148 0.307802	
27	29	25	31	346.8588 0.824153
28	29	27	30	712.3736 1.759478
28	30	26	32	394.2137 0.125413
29	30	28	31	527.8317 1.176261
30	31	29	32	398.2539 0.137121