32#	Number	of	sensors
#x	z			
0	0.06			
0.1	0.15			
0.15	0.2			
0.24	0.22			
0.36	0.22			
0.43	0.19			
0.51	0.13			
0.57	0.04			
0.74	0.04			
0.82	0.12			
0.93	0.19			
1	0.23			
1.1	0.22			
1.19	0.17			
1.24	0.11			
1.33	0.02			
1.5	0.02			
1.56	0.11			
1.63	0.15			
1.68	0.2			
1.85	0.21			
1.93	0.15			
2	0.1			
2.08	0.04			
2.22	0.05			
2.33	0.12			
2.39	0.2			
2.46	0.25			
2.59	0.26			
2.66	0.2			
2.72	0.13			
2.79	0.04			
1342#	Number	of	data					
#a	b	m	n	R	err			
1	2	3	4	-559.5073 0.522638
1	2	4	5	-220.8995 0.230461
1	2	5	6	-101.0829 0.099792
1	2	6	7	-29.76684 0.027759
1	2	7	8	-15.09944 0.015872
1	2	8	9	-8.529622 0.007936
1	2	9	10	-1.156919 0.001226
1	2	10	11	-0.192203 0.000389
1	3	5	7	-232.7203 0.056159
1	3	7	9	-52.52796 0.019855
1	3	9	11	-2.377409 0.000620
1	3	11	13	-2.812752 0.000877
1	3	13	15	-1.395408 0.000820
1	3	15	17	-1.191762 0.000310
1	3	17	19	-0.305315 0.0000000
1	3	19	21	-0.202236 0.000251
2	3	4	5	-336.4326 0.225868
2	3	5	6	-67.29559 0.0000000
2	3	6	7	-34.42699 -0.000103
2	3	7	8	-18.70444 0.0000000
2	3	8	9	-10.15632 0.0000000
2	3	9	10	-0.680650 0.000207
2	3	10	11	-0.366354 -0.000000
2	3	11	12	-0.349368 0.000180
1	4	7	10	-154.4380 -0.001185
1	4	10	13	-6.126447 0.001676
1	4	13	16	-4.800368 0.003353
1	4	16	19	-2.019026 0.000838
1	4	19	22	-0.530831 0.000209
1	4	22	25	-1.008000 0.000513
1	4	25	28	-0.256450 0.000497
1	4	28	31	-0.209151 0.000518
2	4	6	8	-348.0725 0.174549
2	4	8	10	-42.45195 0.021818
2	4	10	12	-1.343434 0.000393
2	4	12	14	-4.420516 0.003520
2	4	14	16	-2.259178 0.002007
2	4	16	18	-1.269051 0.001244
2	4	18	20	-0.267704 0.000520
2	4	20	22	-0.241804 0.000511
3	4	5	6	-1317.242 1.710700
3	4	6	7	-226.3451 0.099432
3	4	7	8	-68.49814 0.030444
3	4	8	9	-29.43758 0.015222
3	4	9	10	-2.163436 0.001098
3	4	10	11	-0.405969 0.000322
3	4	11	12	-0.245251 0.000256
3	4	12	13	-2.125500 0.000951
1	5	9	13	-20.73885 0.008677
1	5	13	17	-10.58876 0.006135
1	5	17	21	-1.483911 0.0000000
1	5	21	25	-1.904074 0.000442
1	5	25	29	-0.504450 -0.000000
2	5	8	11	-108.3020 0.0000000
2	5	11	14	-11.18741 0.0000000
2	5	14	17	-6.425898 0.004118
2	5	17	20	-0.899209 0.000460
2	5	20	23	-0.772574 0.000325
2	5	23	26	-1.193859 0.000325
2	5	26	29	-0.284013 0.000415
2	5	29	32	-0.246919 0.000752
3	5	7	9	-329.3757 0.247018
3	5	9	11	-8.204558 0.002441
3	5	11	13	-7.383053 0.002989
3	5	13	15	-4.914299 0.005032
3	5	15	17	-3.043124 0.002441
3	5	17	19	-0.575479 0.000305
3	5	19	21	-0.391350 0.000388
3	5	21	23	-0.373953 0.000107
4	5	6	7	-755.0911 0.400158
4	5	7	8	-172.1473 0.152813
4	5	8	9	-59.36611 0.035369
4	5	9	10	-4.486106 0.002552
4	5	10	11	-1.172193 0.000781
4	5	11	12	-2.073927 0.000451
4	5	12	13	-2.947899 0.001688
4	5	13	14	-1.157443 0.000844
2	6	10	14	-34.98007 0.0000000
2	6	14	18	-11.36108 0.003229
2	6	18	22	-1.925905 0.0000000
2	6	22	26	-2.693774 0.000570
2	6	26	30	-0.693923 0.000201
3	6	9	12	-40.85399 -0.000051
3	6	12	15	-18.05580 0.004634
3	6	15	18	-6.508581 -0.000001
3	6	18	21	-1.385034 0.0000000
3	6	21	24	-1.568255 0.0000000
3	6	24	27	-1.326027 0.0000000
3	6	27	30	-0.461561 0.000102
4	6	8	10	-283.4973 0.115631
4	6	10	12	-18.48494 0.007226
4	6	12	14	-10.75287 0.004425
4	6	14	16	-4.504257 0.001806
4	6	16	18	-3.329503 0.001806
4	6	18	20	-0.789667 0.000553
4	6	20	22	-0.605922 0.000159
4	6	22	24	-0.968964 -0.000000
5	6	7	8	-850.7621 1.349157
5	6	8	9	-204.5053 0.128637
5	6	9	10	-15.10301 0.008988
5	6	10	11	-4.729276 0.003333
5	6	11	12	-10.54113 0.007520
5	6	12	13	-5.689576 0.002842
5	6	13	14	-0.940670 0.000355
5	6	14	15	-1.399467 0.0000000
3	7	11	15	-41.74741 -0.000107
3	7	15	19	-8.942089 -0.000006
3	7	19	23	-2.057548 0.0000000
3	7	23	27	-2.810802 0.000609
3	7	27	31	-0.791137 0.000215
4	7	10	13	-40.11358 0.012932
4	7	13	16	-8.089777 0.0000000
4	7	16	19	-5.174938 0.0000000
4	7	19	22	-1.299981 0.000285
4	7	22	25	-2.429258 0.000808
4	7	25	28	-0.522878 0.0000000
4	7	28	31	-0.543090 0.000404
5	7	9	11	-33.04601 0.023412
5	7	11	13	-26.12747 0.017881
5	7	13	15	-3.324727 0.001194
5	7	15	17	-4.225649 0.001689
5	7	17	19	-1.102983 0.000597
5	7	19	21	-0.717274 0.000211
5	7	21	23	-0.568475 0.000333
5	7	23	25	-1.480098 0.000944
6	7	8	9	-152.8617 0.075438
6	7	9	10	-10.07182 0.004714
6	7	10	11	-3.135354 0.001800
6	7	11	12	-6.734268 0.003333
6	7	12	13	-3.147761 0.001666
6	7	13	14	-0.348715 0.000085
6	7	14	15	-0.617386 0.000240
6	7	15	16	-0.493930 0.000269
4	8	12	16	-44.83271 0.012160
4	8	16	20	-9.530609 0.0000000
4	8	20	24	-3.317125 0.000760
4	8	24	28	-2.354470 0.000760
4	8	28	32	-1.026367 0.000380
5	8	11	14	-73.83286 0.0000000
5	8	14	17	-15.61644 0.0000000
5	8	17	20	-2.575506 0.000845
5	8	20	23	-1.597910 0.0000000
5	8	23	26	-2.710146 0.000845
5	8	26	29	-0.570903 0.000149
5	8	29	32	-0.627065 0.000365
6	8	10	12	-53.67066 0.018205
6	8	12	14	-21.88815 0.0000000
6	8	14	16	-7.676702 0.0000000
6	8	16	18	-4.548117 0.001137
6	8	18	20	-0.879364 0.000201
6	8	20	22	-0.682372 0.000201
6	8	22	24	-1.034886 0.000402
6	8	24	26	-0.987823 0.000284
7	8	9	10	-66.02326 0.048268
7	8	10	11	-15.77724 0.004022
7	8	11	12	-28.04009 0.008044
7	8	12	13	-15.16027 0.005688
7	8	13	14	-3.242545 0.000711
7	8	14	15	-4.214264 0.001005
7	8	15	16	-2.361088 0.000711
7	8	16	17	-2.788799 0.000711
5	9	13	17	-70.89136 0.018073
5	9	17	21	-6.505480 0.001597
5	9	21	25	-6.544986 0.001597
5	9	25	29	-1.438379 0.0000000
6	9	12	15	-133.7622 0.047383
6	9	15	18	-26.83471 0.010258
6	9	18	21	-3.375162 0.000740
6	9	21	24	-3.389533 0.001282
6	9	24	27	-2.475968 0.000740
6	9	27	30	-0.755176 0.000185
7	9	11	13	-290.9779 0.090394
7	9	13	15	-39.99113 0.011299
7	9	15	17	-23.37047 -0.000088
7	9	17	19	-3.012860 -0.000001
7	9	19	21	-1.679864 0.000706
7	9	21	23	-1.558026 -0.000000
7	9	23	25	-2.931217 -0.000002
7	9	25	27	-0.508996 0.0000000
8	9	10	11	-140.0043 0.100056
8	9	11	12	-173.2660 0.089493
8	9	12	13	-74.53722 0.035375
8	9	13	14	-14.43613 0.006850
8	9	14	15	-18.08396 0.010464
8	9	15	16	-9.297676 0.004843
8	9	16	17	-8.921236 0.003955
8	9	17	18	-1.223437 0.000699
6	10	14	18	-89.53874 0.0000000
6	10	18	22	-5.860764 -0.000001
6	10	22	26	-5.972371 0.001410
6	10	26	30	-1.201680 -0.000000
7	10	13	16	-102.2766 -0.002531
7	10	16	19	-22.86255 -0.000158
7	10	19	22	-3.489367 0.0000000
7	10	22	25	-4.881137 0.0000000
7	10	25	28	-0.837145 -0.000000
7	10	28	31	-0.807185 0.0000000
8	10	12	14	-224.3812 -0.020434
8	10	14	16	-59.63204 0.0000000
8	10	16	18	-17.70683 0.005108
8	10	18	20	-1.812947 0.000451
8	10	20	22	-2.490919 0.001106
8	10	22	24	-2.194308 0.0000000
8	10	24	26	-1.764391 -0.000001
8	10	26	28	-0.330434 -0.000000
9	10	11	12	-436.6234 0.433888
9	10	12	13	-116.8193 0.086971
9	10	13	14	-18.43615 0.012553
9	10	14	15	-22.03893 0.017752
9	10	15	16	-10.14006 0.006779
9	10	16	17	-6.997169 0.005435
9	10	17	18	-0.560687 0.000531
9	10	18	19	-0.581720 0.000506
7	11	15	19	-71.04815 0.030049
7	11	19	23	-5.982803 0.002300
7	11	23	27	-5.443088 0.002300
7	11	27	31	-1.156966 0.000332
8	11	14	17	-139.3513 0.074328
8	11	17	20	-4.312304 0.002120
8	11	20	23	-5.292730 0.005017
8	11	23	26	-4.081034 0.002508
8	11	26	29	-0.655772 0.000627
8	11	29	32	-0.652431 0.000854
9	11	13	15	-114.2543 0.106284
9	11	15	17	-42.40525 0.050103
9	11	17	19	-2.393923 0.003412
9	11	19	21	-0.951321 0.000618
9	11	21	23	-1.799106 0.002711
9	11	23	25	-1.767344 0.002214
9	11	25	27	-0.227781 0.000409
9	11	27	29	-0.160832 0.000186
10	11	12	13	-278.9007 0.346719
10	11	13	14	-35.06283 0.041115
10	11	14	15	-38.75997 0.050356
10	11	15	16	-15.92765 0.022984
10	11	16	17	-9.341155 0.015513
10	11	17	18	-0.628655 0.001354
10	11	18	19	-0.620344 0.001201
10	11	19	20	0.541461 0.001452
8	12	16	20	-74.97413 0.0000000
8	12	20	24	-18.82244 0.014587
8	12	24	28	-4.980463 0.001378
8	12	28	32	-1.475836 -0.000000
9	12	15	18	-170.5650 -0.002521
9	12	18	21	-5.677269 0.004882	
9	12	21	24	-9.608965 0.005637
9	12	24	27	-3.319381 0.000891
9	12	27	30	-0.674901 0.000272
10	12	14	16	-345.4984 -0.018587
10	12	16	18	-56.67074 0.013143
10	12	18	20	1.193163 0.009077
10	12	20	22	-10.03374 0.009857
10	12	22	24	-4.122226 0.002012
10	12	24	26	-2.537991 0.000580
10	12	26	28	-0.345784 0.000102
10	12	28	30	-0.391875 0.000145
11	12	13	14	-201.3736 0.0000000
11	12	14	15	-210.5898 0.0000000
11	12	15	16	-80.34109 0.022000
11	12	16	17	-43.71606 0.011000
11	12	17	18	-3.018205 -0.000000
11	12	18	19	-2.405158 0.0000000
11	12	19	20	3.651373 0.006375
11	12	20	21	-4.765671 0.003074
9	13	17	21	-37.45882 0.010912
9	13	21	25	-20.76172 0.005456
9	13	25	29	-2.127545 0.000835
10	13	16	19	-216.3634 0.201069
10	13	19	22	-16.41969 0.006283
10	13	22	25	-13.27233 0.007255
10	13	25	28	-1.490152 0.000961
10	13	28	31	-1.217025 0.0000000
11	13	15	17	-613.8047 0.585000
11	13	17	19	-23.94063 0.014021
11	13	19	21	-10.20039 -0.000006
11	13	21	23	-8.205482 0.005865
11	13	23	25	-8.958926 0.004433
11	13	25	27	-1.063910 0.000783
11	13	27	29	-0.703833 0.000706
11	13	29	31	-0.689406 0.000339
12	13	14	15	-1629.753 0.973576
12	13	15	16	-351.3861 0.272122
12	13	16	17	-138.2407 0.105392
12	13	17	18	-9.345884 0.005378
12	13	18	19	-9.164998 0.004657	
12	13	19	20	-6.419547 0.0000000
12	13	20	21	-2.656597 0.000950
12	13	21	22	-1.510394 0.0000000
10	14	18	22	-38.59425 0.0000000
10	14	22	26	-16.41932 -0.000029
10	14	26	30	-2.004297 0.0000000
11	14	17	20	-42.52466 0.0000000
11	14	20	23	-15.27923 -0.000019
11	14	23	26	-11.64861 -0.000019
11	14	26	29	-1.374775 -0.000000
11	14	29	32	-1.324064 0.000530
12	14	16	18	-232.5847 0.246241
12	14	18	20	-26.27789 0.009076
12	14	20	22	-3.462373 0.0000000
12	14	22	24	-5.537618 0.0000000
12	14	24	26	-4.225176 0.001134
12	14	26	28	-0.606524 0.000245
12	14	28	30	-0.675444 0.000634
12	14	30	32	-0.568626 0.000375
13	14	15	16	-283.3636 0.345239
13	14	16	17	-80.04263 0.069427
13	14	17	18	-5.074752 0.002925
13	14	18	19	-5.024723 0.001850
13	14	19	20	-5.651754 0.002616
13	14	20	21	0.241032 0.000775
13	14	21	22	0.498450 0.000925
13	14	22	23	-0.394930 0.000115
11	15	19	23	-32.48132 0.007388
11	15	23	27	-15.58105 0.0000000
11	15	27	31	-2.215297 0.0000000
12	15	18	21	-44.76699 0.015058
12	15	21	24	-8.798480 -0.000005
12	15	24	27	-6.506174 0.002662
12	15	27	30	-1.279337 0.0000000
13	15	17	19	-28.23366 0.022376
13	15	19	21	-13.43487 0.008339
13	15	21	23	-0.630132 0.002657
13	15	23	25	-4.944227 0.002637
13	15	25	27	-0.602107 0.000285	
13	15	27	29	-0.394413 0.000164
13	15	29	31	-0.416192 0.000403
14	15	16	17	-171.6557 0.274109
14	15	17	18	-10.03694 0.008261
14	15	18	19	-8.078639 0.005542
14	15	19	20	-7.408039 0.004887	
14	15	20	21	-0.608469 0.000632
14	15	21	22	0.030057 0.000951
14	15	22	23	-0.770863 0.000163
14	15	23	24	-1.481032 0.000799
12	16	20	24	-19.18685 0.005772
12	16	24	28	-9.447501 0.002040
12	16	28	32	-2.282164 0.0000000
13	16	19	22	-25.43147 0.006072
13	16	22	25	-11.55090 0.005258
13	16	25	28	-1.312322 0.000657
13	16	28	31	-1.040462 0.000536
14	16	18	20	-37.72971 0.022556
14	16	20	22	-4.631283 0.0000000
14	16	22	24	-5.648644 0.002819
14	16	24	26	-4.099781 0.002302
14	16	26	28	-0.525843 0.000203
14	16	28	30	-0.554106 0.000352
14	16	30	32	-0.475454 0.000305
15	16	17	18	-25.93886 0.023056
15	16	18	19	-13.82006 0.010218
15	16	19	20	-8.542084 0.004357
15	16	20	21	-2.768265 0.001089
15	16	21	22	-1.328426 0.000385
15	16	22	23	-1.335680 0.000861
15	16	23	24	-2.074793 0.001334
15	16	24	25	-2.054792 0.001217
13	17	21	25	-92.59227 0.039187
13	17	25	29	-6.278143 0.0000000
14	17	20	23	-86.06186 0.022164
14	17	23	26	-51.82985 0.011082
14	17	26	29	-3.533151 -0.000001
14	17	29	32	-3.115252 0.000979
15	17	19	21	-159.7958 0.047540
15	17	21	23	-40.66587 -0.000262
15	17	23	25	-46.42905 0.0000000
15	17	25	27	-3.455339 -0.000002
15	17	27	29	-1.849262 0.0000000
15	17	29	31	-1.812145 0.0000000
16	17	18	19	-151.3449 -0.006880
16	17	19	20	-107.1614 -0.001146
16	17	20	21	-41.35795 -0.000286
16	17	21	22	-21.62872 -0.000035
16	17	22	23	-16.38608 0.004587
16	17	23	24	-22.15162 0.006487
16	17	24	25	-20.13991 0.0000000
16	17	25	26	-1.875015 0.000405
14	18	22	26	-197.9730 0.0000000
14	18	26	30	-7.672603 -0.000006
15	18	21	24	-264.6900 0.056888
15	18	24	27	-59.30263 -0.000628
15	18	27	30	-4.835729 -0.000002
16	18	20	22	-423.4739 0.240540
16	18	22	24	-133.6527 0.052078
16	18	24	26	-54.65688 0.030067
16	18	26	28	-3.378962 0.001328
16	18	28	30	-3.264660 0.002485
16	18	30	32	-2.641748 0.000664
17	18	19	20	-815.4688 4.369670
17	18	20	21	-255.8942 0.209461
17	18	21	22	-104.7938 0.074055
17	18	22	23	-51.70097 0.033118
17	18	23	24	-43.44687 0.026182
17	18	24	25	-30.76563 0.020281
17	18	25	26	-1.862801 0.001552
17	18	26	27	-1.002612 0.000365
15	19	23	27	-177.6055 0.161494	
15	19	27	31	-7.876004 0.007137
16	19	22	25	-266.0817 0.242418
16	19	25	28	-9.443161 0.009582
16	19	28	31	-5.809235 0.005868
17	19	21	23	-255.1234 0.243615
17	19	23	25	-122.6877 0.161136
17	19	25	27	-4.872653 0.006729
17	19	27	29	-2.085711 0.002933
17	19	29	31	-2.113540 0.002562
18	19	20	21	-200.3145 0.0000000
18	19	21	22	-65.81882 -0.000324
18	19	22	23	-32.68977 0.025416
18	19	23	24	-28.18572 0.030252
18	19	24	25	-20.14992 0.022614
18	19	25	26	-1.287727 0.001805
18	19	26	27	-0.709263 0.000873
18	19	27	28	-0.331621 0.000313
16	20	24	28	-138.9213 -0.001731
16	20	28	32	-11.42084 0.004241
17	20	23	26	-276.7707 -0.003854
17	20	26	29	-6.316213 -0.000001
17	20	29	32	-5.946799 0.001362
18	20	22	24	-338.1471 0.131544
18	20	24	26	-78.33355 0.0000000
18	20	26	28	-2.591101 -0.000000
18	20	28	30	-3.083581 0.002906
18	20	30	32	-2.375309 0.0000000
19	20	21	22	-800.9762 1.112753
19	20	22	23	-182.8228 0.239166
19	20	23	24	-93.99874 0.116012
19	20	24	25	-54.15227 0.064852
19	20	25	26	-2.644403 0.003330
19	20	26	27	-1.273864 0.001110
19	20	27	28	-0.275165 0.000299
19	20	28	29	-0.949016 0.001132
17	21	25	29	-17.90970 0.013847
18	21	24	27	-155.5875 0.050825
18	21	27	30	-6.157125 -0.000002
19	21	23	25	-363.3861 0.335186
19	21	25	27	-8.527676 0.006162
19	21	27	29	-2.512067 0.001257	
19	21	29	31	-4.184247 0.005434
20	21	22	23	-471.9830 0.200141
20	21	23	24	-144.3857 0.057775
20	21	24	25	-70.49797 0.028887
20	21	25	26	-3.187491 0.001563
20	21	26	27	-1.499502 -0.000000
20	21	27	28	-0.325632 0.000178
20	21	28	29	-1.023399 0.000713
20	21	29	30	-1.168181 0.000319
18	22	26	30	-16.40509 -0.000030
19	22	25	28	-20.32496 0.039009
19	22	28	31	-7.843740 0.014862
20	22	24	26	-217.9276 0.206392
20	22	26	28	-7.150576 0.006995
20	22	28	30	-3.634983 0.002709
20	22	30	32	-2.641720 0.001915
21	22	23	24	-385.9652 0.353484
21	22	24	25	-138.2741 0.124975
21	22	25	26	-5.817530 0.006377
21	22	26	27	-3.149314 0.004293
21	22	27	28	-2.240551 0.005347
21	22	28	29	-1.126433 0.000891
21	22	29	30	-0.274796 0.002036
21	22	30	31	-0.295657 0.001869
19	23	27	31	-22.97716 0.023556
20	23	26	29	-26.45014 0.014758
20	23	29	32	-11.06045 0.0000000
21	23	25	27	-39.84855 0.016736
21	23	27	29	-10.98445 0.006832
21	23	29	31	-5.268676 0.004006
22	23	24	25	-734.7133 0.183609
22	23	25	26	-21.34843 0.005737
22	23	26	27	-9.535189 -0.000003
22	23	27	28	-4.023523 0.001014
22	23	28	29	-3.599116 0.0000000
22	23	29	30	-2.645799 0.001014
22	23	30	31	-2.059481 0.000507
22	23	31	32	-2.199475 -0.000000
20	24	28	32	-49.72752 -0.000155
21	24	27	30	-46.82278 -0.000151
22	24	26	28	-62.19549 0.016457
22	24	28	30	-25.93588 0.005818
22	24	30	32	-17.50834 0.0000000
23	24	25	26	-93.09563 0.057341
23	24	26	27	-35.33239 0.020273
23	24	27	28	-13.27895 0.008778
23	24	28	29	-11.42010 0.007167
23	24	29	30	-8.304959 0.005474
23	24	30	31	-6.556667 0.003271
23	24	31	32	-6.630597 0.004389
22	25	28	31	-110.3772 0.0000000
23	25	27	29	-115.7230 0.025870
23	25	29	31	-54.29865 -0.000202
24	25	26	27	-220.4012 0.0000000
24	25	27	28	-54.66094 0.0000000
24	25	28	29	-36.51168 0.015077
24	25	29	30	-22.15530 0.006155
24	25	30	31	-17.29281 0.009732
24	25	31	32	-15.83033 0.008704
23	26	29	32	-220.0240 0.084103
24	26	28	30	-265.9206 0.094237
24	26	30	32	-114.5103 0.033317
25	26	27	28	-300.3883 0.0000000
25	26	28	29	-145.6684 -0.002704
25	26	29	30	-61.92387 0.015299
25	26	30	31	-45.33056 -0.000169
25	26	31	32	-36.11384 -0.000084
25	27	29	31	-268.5709 0.089842
26	27	28	29	-357.8951 0.261562
26	27	29	30	-94.82775 0.068582
26	27	30	31	-66.53200 0.050651
26	27	31	32	-44.56218 0.032695
26	28	30	32	-356.1174 0.0000000
27	28	29	30	-274.3098 0.247594
27	28	30	31	-156.2614 0.0000000
27	28	31	32	-85.59131 0.036773
28	29	30	31	-994.0073 0.508852
28	29	31	32	-307.8178 0.179906
29	30	31	32	-949.6860 0.692396
1	4	2	3	919.5079 -0.035613
2	5	3	4	2393.840 1.369633
3	6	4	5	1726.412 0.600272
1	7	3	5	726.8400 0.269476
4	7	5	6	2684.035 -0.294057
2	8	4	6	929.3694 -0.171127
5	8	6	7	1265.125 0.798088
3	9	5	7	458.0618 -0.013138
6	9	7	8	1286.915 0.0000000
1	10	4	7	382.7254 0.339877	
4	10	6	8	553.1226 0.180240
7	10	8	9	930.3947 0.688604
2	11	5	8	424.5322 0.150842
5	11	7	9	791.4258 0.622230
8	11	9	10	720.8190 0.172283
3	12	6	9	379.3183 0.103936
6	12	8	10	673.7517 0.294530
9	12	10	11	546.2112 0.0000000
1	13	5	9	291.0256 0.102153
4	13	7	10	342.6045 0.161781
7	13	9	11	211.5378 0.066383
10	13	11	12	1213.484 0.630640
2	14	6	10	252.3191 0.0000000
5	14	8	11	298.7293 0.113578	
8	14	10	12	498.1996 0.0000000
11	14	12	13	2663.545 -0.770175
3	15	7	11	193.7989 -0.003510	
6	15	9	12	243.7551 0.069720
9	15	11	13	1004.315 0.261967
12	15	13	14	661.1429 0.294193
1	16	6	11	145.1038 0.032239
4	16	8	12	186.4196 0.122526
7	16	10	13	306.8630 0.082050
10	16	12	14	546.2545 0.459524
13	16	14	15	2133.582 1.354514
2	17	7	12	120.0695 0.041836
5	17	9	13	96.46781 0.022313
8	17	11	14	170.0811 0.049540
11	17	13	15	216.2184 -0.004904
14	17	15	16	816.6430 -0.044331
3	18	8	13	114.4354 0.0000000
6	18	10	14	107.1719 0.0000000
9	18	12	15	226.5351 0.0000000
12	18	14	16	476.8496 0.0000000	
15	18	16	17	859.8714 0.644998
1	19	7	13	106.8759 0.048783
4	19	9	14	70.03968 0.031351
7	19	11	15	109.1112 0.130998
10	19	13	16	160.3652 0.303909
13	19	15	17	949.1619 0.319519
16	19	17	18	1248.315 0.895554
2	20	8	14	90.46006 0.021617
5	20	10	15	71.33776 0.034723
8	20	12	16	94.85181 0.0000000
11	20	14	17	315.2430 -0.007283	
14	20	16	18	943.2345 0.0000000
17	20	18	19	544.2930 0.682552	
3	21	9	15	56.06390 -0.000166
6	21	11	16	87.83977 0.026117
9	21	13	17	194.9895 0.0000000	
12	21	15	18	545.7975 0.0000000
15	21	17	19	452.7401 0.264674
18	21	19	20	2017.462 0.0000000	
1	22	8	15	69.74927 -0.000406
4	22	10	16	57.95889 0.040860
7	22	12	17	138.7944 0.084476	
10	22	14	18	323.4097 0.299817
13	22	16	19	540.2023 0.395413
16	22	18	20	494.6353 0.501617
19	22	20	21	1201.373 1.715250
2	23	9	16	49.87666 0.0000000
5	23	11	17	114.1906 0.047212
8	23	13	18	188.0436 0.0000000
11	23	15	19	280.5077 0.0000000
14	23	17	20	345.8271 0.120645
17	23	19	21	570.2125 0.236333
20	23	21	22	1542.478 0.846415
3	24	10	17	70.54257 0.020636
6	24	12	18	124.0655 0.047430
9	24	14	19	172.6711 0.0000000
12	24	16	20	248.8978 0.0000000
15	24	18	21	227.3036 0.0000000
18	24	20	22	679.1693 0.173954
21	24	22	23	1544.384 0.955626	
1	25	9	17	38.77842 0.0000000
4	25	11	18	53.71877 0.037425
7	25	13	19	55.97016 0.044553
10	25	15	20	96.38271 0.110783
13	25	17	21	80.88288 0.052561
16	25	19	22	83.39298 0.066872
19	25	21	23	372.8300 1.004655
22	25	23	24	919.6675 0.706319
2	26	10	18	42.05993 0.015909
5	26	12	19	54.72602 0.022274
8	26	14	20	62.39212 0.0000000
11	26	16	21	81.90672 -0.000755
14	26	18	22	76.21463 -0.000850
17	26	20	23	155.4907 -0.001671	
20	26	22	24	614.2758 0.381693
23	26	24	25	1471.938 0.661600
3	27	11	19	43.33887 0.009257
6	27	13	20	51.00076 0.019919
9	27	15	21	74.06113 -0.000653
12	27	17	22	52.69985 0.015760
15	27	19	23	79.11727 0.022031
18	27	21	24	372.9308 0.120472
21	27	23	25	783.8795 0.373673
24	27	25	26	752.9616 0.264584
1	28	10	19	37.11786 -0.000100	
4	28	12	20	47.78493 0.032895
7	28	14	21	52.22104 0.016818
10	28	16	22	69.61555 0.0000000
13	28	18	23	76.83084 0.024578
16	28	20	24	113.7862 0.025387
19	28	22	25	475.1395 0.556428
22	28	24	26	801.2410 0.338660
25	28	26	27	872.6852 0.676557
2	29	11	20	41.07436 0.024570
5	29	13	21	44.65380 0.029108
8	29	15	22	50.15338 0.036454
11	29	17	23	48.23882 0.035917
14	29	19	24	100.2235 0.053616	
17	29	21	25	250.3962 0.208268
20	29	23	26	635.9453 0.587295
23	29	25	27	472.0532 0.500819
26	29	27	28	942.4009 0.936122
3	30	12	21	38.31843 -0.000031
6	30	14	22	43.98419 -0.000070	
9	30	16	23	61.06553 0.0000000
12	30	18	24	74.41651 -0.000220
15	30	20	25	146.2246 0.059422
18	30	22	26	430.7632 0.145885
21	30	24	27	548.8615 0.0000000
24	30	26	28	522.2954 0.174125
27	30	28	29	1981.001 0.448130	
1	31	11	21	33.52421 -0.000098
4	31	13	22	34.28614 0.020124
7	31	15	23	42.22706 -0.000181
10	31	17	24	56.56036 0.014678
13	31	19	25	118.2589 0.048519
16	31	21	26	179.5451 0.049120
19	31	23	27	405.1629 0.448855
22	31	25	28	310.4532 0.120518
25	31	27	29	703.2792 0.274709
28	31	29	30	1694.905 1.323665
2	32	12	22	30.15274 -0.000080
5	32	14	23	35.03040 0.015662
8	32	16	24	49.88673 -0.000269
11	32	18	25	69.00215 0.0000000
14	32	20	26	119.4547 -0.002754
17	32	22	27	202.2065 -0.008239
20	32	24	28	289.0400 0.090330
23	32	26	29	242.2822 0.0000000
26	32	28	30	706.8926 0.211158
29	32	30	31	1718.598 0.922737
3	4	1	2	-562.0944 -0.011054
4	5	1	2	-221.2947 -0.002948
4	5	2	3	-335.2097 0.188678
5	6	1	2	-100.0526 -0.000383
5	6	2	3	-68.23077 -0.000191
5	6	3	4	-1305.293 -0.049063
5	7	1	3	-232.9192 -0.006451
6	7	1	2	-29.90106 -0.000059
6	7	2	3	-34.48545 -0.000118
6	7	3	4	-225.4464 0.060864
6	7	4	5	-748.0434 -0.030432
6	8	2	4	-345.2596 0.096910
7	8	1	2	-14.91441 -0.000032
7	8	2	3	-18.40908 -0.000032
7	8	3	4	-66.89863 0.0000000
7	8	4	5	-167.3264 0.0000000
7	8	5	6	-845.0262 0.264474
7	9	1	3	-51.94531 0.019362
7	9	3	5	-322.0287 0.126476	
8	9	1	2	-8.491458 0.003387
8	9	2	3	-10.12681 0.002766
8	9	3	4	-29.37165 0.0000000
8	9	4	5	-58.81460 0.015647
8	9	5	6	-205.0934 0.062591
8	9	6	7	-153.1191 0.062591
7	10	1	4	-152.1073 0.040198
8	10	2	4	-42.34122 0.0000000
8	10	4	6	-283.5814 -0.020517
9	10	1	2	-1.176725 0.001014
9	10	2	3	-0.659426 0.001332
9	10	3	4	-2.193179 0.000641
9	10	4	5	-4.499459 0.0000000
9	10	5	6	-15.33954 -0.000170
9	10	6	7	-10.18254 0.0000000
9	10	7	8	-66.80304 -0.002721
8	11	2	5	-107.4732 0.051116
9	11	1	3	-2.389647 0.002726
9	11	3	5	-8.232888 0.008904
9	11	5	7	-33.48597 0.036716
10	11	1	2	-0.196973 0.000487
10	11	2	3	-0.351129 0.001882
10	11	3	4	-0.385845 0.001438
10	11	4	5	-1.147631 0.003284
10	11	5	6	-4.774168 0.011346
10	11	6	7	-3.174174 0.007052
10	11	7	8	-15.86415 0.040768
10	11	8	9	-139.5946 0.356856
9	12	3	6	-41.11600 0.0000000
10	12	2	4	-1.349240 0.002277
10	12	4	6	-18.47044 0.004554
10	12	6	8	-53.57589 0.0000000
11	12	2	3	-0.354383 0.000209
11	12	3	4	-0.236550 0.001273
11	12	4	5	-2.044427 0.001081
11	12	5	6	-10.48295 0.002736
11	12	6	7	-6.671594 0.001934
11	12	7	8	-27.81284 0.0000000
11	12	8	9	-170.9492 0.0000000	
11	12	9	10	-433.5956 0.276875
9	13	1	5	-20.76355 -0.000042
10	13	1	4	-6.134315 0.0000000
10	13	4	7	-40.23596 0.014596
11	13	1	3	-2.797165 0.001550
11	13	3	5	-7.372253 0.003100
11	13	5	7	-26.15191 0.006200
11	13	7	9	-288.9081 0.140296
12	13	3	4	-2.150865 0.001045
12	13	4	5	-2.929952 0.000661
12	13	5	6	-5.799245 0.002290
12	13	6	7	-3.200892 0.000935
12	13	7	8	-15.27208 0.006478
12	13	8	9	-74.81123 0.029924
12	13	9	10	-119.1613 0.0000000
12	13	10	11	-275.5790 0.119698
10	14	2	6	-35.15835 0.010868
11	14	2	5	-11.18741 -0.000019
11	14	5	8	-73.91777 0.0000000
12	14	2	4	-4.426224 0.003019
12	14	4	6	-10.89573 0.003227
12	14	6	8	-22.12172 0.006455
12	14	8	10	-228.0580 0.115484
13	14	4	5	-1.162571 0.000924
13	14	5	6	-0.991215 0.000326
13	14	6	7	-0.361620 0.000245
13	14	7	8	-3.267736 0.000924
13	14	8	9	-14.47609 0.007394
13	14	9	10	-18.84681 0.007394
13	14	10	11	-34.56397 0.012806
13	14	11	12	-203.3624 0.083654
11	15	3	7	-41.87096 0.010223
12	15	3	6	-18.21981 0.009137
12	15	6	9	-134.5430 0.029842
13	15	1	3	-1.411910 0.000871
13	15	3	5	-4.872101 0.006182
13	15	5	7	-3.439437 0.001614
13	15	7	9	-40.03428 0.018263
13	15	9	11	-113.8796 0.042177
14	15	5	6	-1.443904 0.001147
14	15	6	7	-0.642931 0.000216
14	15	7	8	-4.217180 0.001226
14	15	8	9	-18.02594 0.004907
14	15	9	10	-22.34567 -0.000076
14	15	10	11	-37.97656 0.009815
14	15	11	12	-211.6038 0.0000000
14	15	12	13	-1626.613 0.0000000
12	16	4	8	-45.26646 -0.000179
13	16	1	4	-4.812876 0.004254	
13	16	4	7	-8.160128 0.0000000
13	16	7	10	-103.1657 0.024064
14	16	2	4	-2.250521 0.002243
14	16	4	6	-4.526185 0.001638
14	16	6	8	-7.690345 0.0000000
14	16	8	10	-59.86455 0.013107
14	16	10	12	-345.5020 0.148298
15	16	6	7	-0.496169 0.000413
15	16	7	8	-2.354341 0.002403
15	16	8	9	-9.229082 0.009862
15	16	9	10	-10.23105 0.009092
15	16	10	11	-15.57489 0.015902
15	16	11	12	-80.37898 0.078897
15	16	12	13	-348.4565 0.345709
15	16	13	14	-282.5722 0.290958
13	17	1	5	-10.48091 0.004930
13	17	5	9	-71.02076 -0.000435
14	17	2	5	-6.343927 0.0000000
14	17	5	8	-15.71843 0.007820
14	17	8	11	-138.6290 0.0000000
15	17	1	3	-1.185846 0.000591
15	17	3	5	-3.005447 0.000748
15	17	5	7	-4.265969 -0.000002
15	17	7	9	-23.29904 0.005988
15	17	9	11	-42.13747 -0.000264
15	17	11	13	-611.8189 -0.067751
16	17	7	8	-2.797810 0.000798
16	17	8	9	-8.898716 0.003910
16	17	9	10	-7.082607 0.001596
16	17	10	11	-9.217480 0.003193
16	17	11	12	-44.04478 0.012772
16	17	12	13	-138.1685 0.036126
16	17	13	14	-80.22835 0.0000000
16	17	14	15	-172.7065 0.0000000
14	18	2	6	-11.38311 0.003150
14	18	6	10	-89.82136 0.0000000
15	18	3	6	-6.526117 0.003077
15	18	6	9	-26.75776 0.0000000
15	18	9	12	-171.0511 0.040206
16	18	2	4	-1.263288 0.001296
16	18	4	6	-3.337641 0.001640
16	18	6	8	-4.544497 0.002319
16	18	8	10	-17.77187 0.009279
16	18	10	12	-56.94687 0.026246
16	18	12	14	-232.9505 0.085719
17	18	8	9	-1.230157 0.001209
17	18	9	10	-0.565024 0.000644
17	18	10	11	-0.625437 0.000815
17	18	11	12	-3.057952 0.002823
17	18	12	13	-9.438028 0.010715
17	18	13	14	-5.154046 0.006186
17	18	14	15	-10.18282 0.011295
17	18	15	16	-26.07886 0.021824
15	19	3	7	-8.971437 0.011170
15	19	7	11	-70.96890 0.092616
16	19	1	4	-2.011770 0.002418
16	19	4	7	-5.201694 0.004968
16	19	7	10	-23.03215 0.024128
16	19	10	13	-217.2897 0.212705
17	19	1	3	-0.308328 0.000636
17	19	3	5	-0.578668 0.000804
17	19	5	7	-1.113902 0.001354
17	19	7	9	-3.067540 0.004207
17	19	9	11	-2.487045 0.003598
17	19	11	13	-24.67631 0.032401
17	19	13	15	-28.84460 0.039334
18	19	9	10	-0.632173 0.000772
18	19	10	11	-0.666566 0.000772
18	19	11	12	-2.675510 0.003023
18	19	12	13	-9.501209 0.009765
18	19	13	14	-5.148110 0.005495
18	19	14	15	-8.338529 0.009264
18	19	15	16	-13.81214 0.011826
18	19	16	17	-149.4711 0.139748
16	20	4	8	-9.528294 0.002464
16	20	8	12	-74.68817 -0.000435
17	20	2	5	-0.894920 0.000593
17	20	5	8	-2.548338 0.000685
17	20	8	11	-4.159509 0.001678
17	20	11	14	-42.48434 -0.000121
18	20	2	4	-0.275767 0.000719
18	20	4	6	-0.771848 0.000178
18	20	6	8	-0.848998 0.000357
18	20	8	10	-1.727223 0.000714
18	20	10	12	1.553748 0.008429
18	20	12	14	-26.45630 0.012779
18	20	14	16	-37.47109 0.013998
19	20	10	11	0.629793 0.001950
19	20	11	12	4.239236 0.012188
19	20	12	13	-6.132815 0.004630
19	20	13	14	-5.686038 0.008115
19	20	14	15	-7.346014 0.009261
19	20	15	16	-8.001441 0.007000
19	20	16	17	-106.4613 0.112011
19	20	17	18	-707.5702 0.224022	
17	21	1	5	-1.479422 0.001072
17	21	5	9	-6.447716 0.0000000
17	21	9	13	-37.31873 -0.000134
18	21	3	6	-1.396480 0.000393
18	21	6	9	-3.311269 0.0000000
18	21	9	12	-5.506390 0.001574
18	21	12	15	-44.95463 0.0000000
19	21	1	3	-0.229147 0.000799
19	21	3	5	-0.364690 0.000179
19	21	5	7	-0.687606 0.000179
19	21	7	9	-1.597541 0.000881
19	21	9	11	-0.815633 0.000254
19	21	11	13	-9.501638 0.003524
19	21	13	15	-13.25674 0.011145
19	21	15	17	-158.1492 0.138130
20	21	11	12	-4.907692 0.004931
20	21	12	13	-2.602324 0.000845
20	21	13	14	0.289305 0.001571
20	21	14	15	-0.570917 0.001098
20	21	15	16	-2.644535 0.000598
20	21	16	17	-40.95461 0.016573
20	21	17	18	-255.3381 0.054128
20	21	18	19	-216.5536 0.093752
18	22	2	6	-1.948790 0.000972
18	22	6	10	-5.835173 0.0000000
18	22	10	14	-38.51595 0.0000000
19	22	1	4	-0.544127 0.001767
19	22	4	7	-1.259970 0.001300
19	22	7	10	-3.396218 0.005272
19	22	10	13	-15.81088 0.022999
19	22	13	16	-24.50388 0.036032
20	22	2	4	-0.287775 0.000400
20	22	4	6	-0.620403 0.000707
20	22	6	8	-0.679027 0.001000
20	22	8	10	-2.558642 0.003960
20	22	10	12	-10.35062 0.020863
20	22	12	14	-3.237091 0.002400
20	22	14	16	-4.363012 0.001600
20	22	16	18	-423.4041 0.491138
21	22	12	13	-1.503499 0.000898
21	22	13	14	0.560061 0.001943
21	22	14	15	0.085389 0.001400
21	22	15	16	-1.254111 0.000898
21	22	16	17	-21.40978 0.019824
21	22	17	18	-105.0952 0.092764
21	22	18	19	-72.34989 0.040679
21	22	19	20	-793.6955 0.848640
19	23	3	7	-2.036936 0.001745
19	23	7	11	-5.846686 0.004937
19	23	11	15	-31.66209 0.020397
20	23	2	5	-0.792547 0.000869
20	23	5	8	-1.605750 0.0000000
20	23	8	11	-5.401590 0.005912
20	23	11	14	-15.43644 0.008677
20	23	14	17	-85.07051 0.026237
21	23	3	5	-0.396433 0.000504
21	23	5	7	-0.567620 0.000152
21	23	7	9	-1.577121 0.001773
21	23	9	11	-1.847528 0.002106
21	23	11	13	-8.360247 0.004213
21	23	13	15	-0.494427 0.002468
21	23	15	17	-40.23293 0.013761
21	23	17	19	-265.2522 0.0000000
22	23	13	14	-0.388408 0.000090
22	23	14	15	-0.767291 0.000255
22	23	15	16	-1.296395 0.000808
22	23	16	17	-16.27812 0.004091
22	23	17	18	-51.84559 0.016367
22	23	18	19	-34.31731 -0.000063
22	23	19	20	-180.9255 0.065468
22	23	20	21	-469.5310 0.0000000
20	24	4	8	-3.330089 0.001166
20	24	8	12	-19.34078 0.020870
20	24	12	16	-18.63537 0.010435
21	24	3	6	-1.601167 0.000928
21	24	6	9	-3.391927 0.000992
21	24	9	12	-9.878108 0.009308
21	24	12	15	-8.591471 0.0000000
21	24	15	18	-265.1416 0.063505
22	24	4	6	-0.997859 0.000528
22	24	6	8	-1.027773 0.000264
22	24	8	10	-2.204469 0.000747
22	24	10	12	-4.186611 0.002114
22	24	12	14	-5.490355 -0.000002
22	24	14	16	-5.579587 0.0000000
22	24	16	18	-133.7958 0.047837
22	24	18	20	-337.6773 0.095674
23	24	14	15	-1.484455 0.000805
23	24	15	16	-2.035366 0.001019
23	24	16	17	-22.03804 0.009986
23	24	17	18	-43.64041 0.011531
23	24	18	19	-28.79202 0.011531
23	24	19	20	-93.67532 0.039945
23	24	20	21	-144.4882 0.056491
23	24	21	22	-386.2130 0.184500
21	25	1	5	-1.918020 0.000700
21	25	5	9	-6.580548 0.003133
21	25	9	13	-21.02078 0.016815
21	25	13	17	-91.83723 0.038832
22	25	1	4	-1.020746 0.000280
22	25	4	7	-2.435938 0.001373
22	25	7	10	-4.903125 0.002243
22	25	10	13	-13.34530 0.005494
22	25	13	16	-11.45501 0.004486
22	25	16	19	-268.4992 0.101517
23	25	5	7	-1.482511 0.001223
23	25	7	9	-2.939203 0.002447
23	25	9	11	-1.778985 0.001526
23	25	11	13	-9.009303 0.007994
23	25	13	15	-4.947283 0.003997
23	25	15	17	-46.18321 0.036927
23	25	17	19	-123.8021 0.097699
23	25	19	21	-362.7642 0.313336
24	25	15	16	-2.023220 0.001529
24	25	16	17	-20.05986 0.016757
24	25	17	18	-30.87777 0.024476
24	25	18	19	-20.42380 0.013682
24	25	19	20	-54.05047 0.040589
24	25	20	21	-70.51052 0.051922
24	25	21	22	-138.3471 0.114804
24	25	22	23	-733.2395 0.587434
22	26	2	6	-2.719585 -0.000000
22	26	6	10	-5.971741 0.001499
22	26	10	14	-16.44741 0.0000000
22	26	14	18	-198.1589 0.0000000
23	26	2	5	-1.197788 0.000468
23	26	5	8	-2.713808 0.0000000
23	26	8	11	-4.081705 0.001082
23	26	11	14	-11.66854 0.003061
23	26	14	17	-51.54933 0.017317
23	26	17	20	-277.2981 0.0000000
24	26	6	8	-0.977706 0.000262
24	26	8	10	-1.765621 0.000908
24	26	10	12	-2.562773 0.001285
24	26	12	14	-4.204071 0.001817
24	26	14	16	-4.070659 0.002098
24	26	16	18	-54.63964 0.029083
24	26	18	20	-78.38381 0.029083
24	26	20	22	-217.5875 0.106198
25	26	16	17	-1.874233 0.000684
25	26	17	18	-1.851905 0.000684
25	26	18	19	-1.279339 0.000342
25	26	19	20	-2.645236 0.000684
25	26	20	21	-3.183350 0.0000000
25	26	21	22	-5.747331 0.001936
25	26	22	23	-21.23914 0.0000000
25	26	23	24	-92.71940 0.021911
23	27	3	7	-2.805372 0.0000000
23	27	7	11	-5.448451 0.0000000
23	27	11	15	-15.59535 0.0000000
23	27	15	19	-178.2065 0.0000000
24	27	3	6	-1.338821 0.000518
24	27	6	9	-2.459966 0.001036
24	27	9	12	-3.352024 0.001938
24	27	12	15	-6.482165 0.002537
24	27	15	18	-59.23400 0.023444
24	27	18	21	-155.5632 0.057426
25	27	7	9	-0.512276 0.000250
25	27	9	11	-0.225595 0.000153
25	27	11	13	-1.055576 0.000614
25	27	13	15	-0.592203 0.000125
25	27	15	17	-3.422245 0.001738
25	27	17	19	-4.855405 0.001419
25	27	19	21	-8.636532 0.005312
25	27	21	23	-39.55375 0.019673
26	27	17	18	-1.030648 0.001088
26	27	18	19	-0.710027 0.000802
26	27	19	20	-1.311402 0.001727
26	27	20	21	-1.534803 0.001757
26	27	21	22	-3.058387 0.001283
26	27	22	23	-9.509037 0.007700
26	27	23	24	-35.24348 0.025150
26	27	24	25	-218.3634 0.129876
24	28	4	8	-2.349318 0.000548
24	28	8	12	-5.014721 0.001550
24	28	12	16	-9.396310 -0.000004
24	28	16	20	-139.0902 0.060772
25	28	1	4	-0.266405 0.000877
25	28	4	7	-0.499881 0.000539
25	28	7	10	-0.830186 0.000330
25	28	10	13	-1.487840 0.000763
25	28	13	16	-1.296476 0.000381
25	28	16	19	-9.393387 0.007162
25	28	19	22	-20.25684 -0.000023
26	28	8	10	-0.334262 0.000201
26	28	10	12	-0.355642 0.000433
26	28	12	14	-0.599001 0.000423
26	28	14	16	-0.522301 0.000337
26	28	16	18	-3.373035 0.002702
26	28	18	20	-2.633877 0.003230
26	28	20	22	-7.117849 0.002043
26	28	22	24	-62.13501 0.036551
27	28	18	19	-0.338428 0.000188
27	28	19	20	-0.320228 0.000803
27	28	20	21	-0.374704 0.000776
27	28	21	22	-2.119239 0.004013
27	28	22	23	-4.027125 0.004152
27	28	23	24	-13.32897 0.013200
27	28	24	25	-54.45204 0.045728
27	28	25	26	-300.3782 0.243886
25	29	1	5	-0.536807 0.001187
25	29	5	9	-1.395877 0.000377
25	29	9	13	-2.143676 0.001850
25	29	13	17	-6.228775 0.003998
25	29	17	21	-18.12078 -0.000033
26	29	2	5	-0.295307 0.000665
26	29	5	8	-0.547336 0.000228
26	29	8	11	-0.647529 0.000360
26	29	11	14	-1.365317 0.000645
26	29	14	17	-3.503490 0.001826
26	29	17	20	-6.369862 0.001826
26	29	20	23	-26.33641 0.017892
27	29	9	11	-0.176176 0.000393
27	29	11	13	-0.699403 0.000696
27	29	13	15	-0.380347 -0.000000
27	29	15	17	-1.833395 0.001749
27	29	17	19	-2.063519 0.001749
27	29	19	21	-2.650966 0.001106
27	29	21	23	-10.87695 0.011707
27	29	23	25	-115.5445 0.081756
28	29	19	20	-0.974832 0.000797
28	29	20	21	-0.990072 0.000867	
28	29	21	22	-1.143214 0.001402
28	29	22	23	-3.577236 0.003190
28	29	23	24	-11.36622 0.009426
28	29	24	25	-36.19538 0.030787
28	29	25	26	-145.8132 0.144407
28	29	26	27	-360.2043 0.389439
26	30	2	6	-0.763386 0.001629
26	30	6	10	-1.101400 0.001340
26	30	10	14	-2.004794 0.000585
26	30	14	18	-7.585571 0.002866
26	30	18	22	-16.22705 0.0000000
27	30	3	6	-0.510779 0.001435
27	30	6	9	-0.672230 0.001426
27	30	9	12	-0.699080 0.001008
27	30	12	15	-1.229389 0.000440
27	30	15	18	-4.774239 0.002784
27	30	18	21	-5.943772 0.005283
27	30	21	24	-46.61568 -0.000055
28	30	10	12	-0.427457 0.001372
28	30	12	14	-0.634082 0.000358
28	30	14	16	-0.524901 0.000253
28	30	16	18	-3.159094 0.002482
28	30	18	20	-2.865289 0.002744
28	30	20	22	-3.641664 0.000827
28	30	22	24	-25.54267 0.013239
28	30	24	26	-262.7783 0.105918
29	30	20	21	-1.050480 0.003498
29	30	21	22	-0.485209 0.002586
29	30	22	23	-2.575910 0.003307
29	30	23	24	-8.043847 0.011902
29	30	24	25	-21.27282 0.034157
29	30	25	26	-59.69406 0.110759
29	30	26	27	-91.23190 0.194600
29	30	27	28	-266.5934 0.522577
27	31	3	7	-0.785162 0.000257
27	31	7	11	-1.166303 0.000364
27	31	11	15	-2.220590 0.000515
27	31	15	19	-7.893424 0.002060
27	31	19	23	-23.01539 0.005827
28	31	1	4	-0.250377 0.000281
28	31	4	7	-0.520067 0.0000000
28	31	7	10	-0.807298 0.000258
28	31	10	13	-1.246294 0.000633
28	31	13	16	-1.031986 0.000365
28	31	16	19	-5.827054 0.001463
28	31	19	22	-7.854477 0.0000000
28	31	22	25	-110.1323 0.033113
29	31	11	13	-0.726466 0.000963
29	31	13	15	-0.412251 0.000756
29	31	15	17	-1.838521 0.002360
29	31	17	19	-2.160069 0.002523
29	31	19	21	-3.997071 0.002523
29	31	21	23	-5.495043 0.009097
29	31	23	25	-54.22717 0.069921
29	31	25	27	-270.2269 0.336138
30	31	21	22	-0.268468 0.001110
30	31	22	23	-2.157848 0.002097
30	31	23	24	-6.831456 0.007185
30	31	24	25	-17.96216 0.020323
30	31	25	26	-47.74909 0.061278
30	31	26	27	-70.96544 0.105427
30	31	27	28	-163.3171 0.268507
30	31	28	29	-990.9988 0.480321
28	32	4	8	-1.018020 0.0000000
28	32	8	12	-1.504813 0.000439
28	32	12	16	-2.279835 -0.000000
28	32	16	20	-11.40594 0.0000000
28	32	20	24	-49.86822 0.0000000
29	32	2	5	-0.276219 0.000216
29	32	5	8	-0.631763 0.001050
29	32	8	11	-0.672408 0.000923
29	32	11	14	-1.351073 0.001755
29	32	14	17	-3.140992 0.004544
29	32	17	20	-5.953571 0.006529
29	32	20	23	-11.19253 0.016964
29	32	23	26	-221.0565 0.317755
30	32	12	14	-0.592759 0.0000000
30	32	14	16	-0.500464 0.000259
30	32	16	18	-2.780244 0.000846
30	32	18	20	-2.553664 0.000846
30	32	20	22	-2.716248 0.001794
30	32	22	24	-17.92682 0.008290
30	32	24	26	-118.2603 0.060543
30	32	26	28	-366.8107 0.216608
31	32	22	23	-2.216269 -0.000000
31	32	23	24	-6.677662 0.001539
31	32	24	25	-15.85492 0.0000000
31	32	25	26	-36.46480 0.017412
31	32	26	27	-45.15184 0.012312
31	32	27	28	-86.24140 0.0000000
31	32	28	29	-310.7781 -0.012312
31	32	29	30	-957.0840 0.0000000
2	3	1	4	916.9479 0.216358
3	4	2	5	2420.777 0.804980
3	5	1	7	733.6068 -0.042707
4	5	3	6	1723.964 0.377016
4	6	2	8	928.2096 0.414413
5	6	4	7	2688.693 1.479018
4	7	1	10	382.1825 0.093387	
5	7	3	9	457.6701 -0.012917
6	7	5	8	1257.652 0.0000000
5	8	2	11	423.6849 -0.026860
6	8	4	10	550.9843 0.134713
7	8	6	9	1283.306 0.0000000
5	9	1	13	290.2885 0.071864
6	9	3	12	378.6440 0.162094
7	9	5	11	788.6592 0.260537
8	9	7	10	932.2590 0.684769
6	10	2	14	252.3472 0.111390
7	10	4	13	341.4395 -0.020001
8	10	6	12	672.6103 0.0000000
9	10	8	11	717.8421 0.343558
6	11	1	16	144.9760 0.063843
7	11	3	15	193.2988 0.085448
8	11	5	14	298.7993 0.188290
9	11	7	13	213.2229 0.242291
10	11	9	12	548.2180 0.922599
7	12	2	17	119.4450 0.0000000
8	12	4	16	185.9678 -0.005511
9	12	6	15	243.7307 0.057476
10	12	8	14	499.2551 0.146210
11	12	10	13	1211.948 0.0000000
7	13	1	19	107.1717 -0.000729
8	13	3	18	114.5869 0.0000000
9	13	5	17	96.30069 0.0000000
10	13	7	16	305.9264 0.259636
11	13	9	15	999.1142 0.890921
12	13	11	14	2659.604 1.880045
8	14	2	20	90.52625 -0.001130
9	14	4	19	70.71287 0.016507
10	14	6	18	107.6717 0.0000000
11	14	8	17	170.1140 0.068450
12	14	10	16	546.6340 0.292843
13	14	12	15	660.7258 0.507025
8	15	1	22	69.86182 0.026251
9	15	3	21	56.23444 0.027758
10	15	5	20	71.49533 0.040674
11	15	7	19	110.0256 0.079281
12	15	9	18	227.0888 0.181218
13	15	11	17	216.9890 0.146636
14	15	13	16	2130.873 1.094361
9	16	2	23	50.01216 0.018092
10	16	4	22	58.11299 0.040580
11	16	6	21	88.14272 0.080274
12	16	8	20	95.70384 0.093438
13	16	10	19	161.7438 0.211498
14	16	12	18	479.0574 0.385973
15	16	14	17	811.7441 1.333710
9	17	1	25	38.82331 0.019821
10	17	3	24	70.61987 0.015125
11	17	5	23	114.2089 -0.001225
12	17	7	22	139.0780 0.0000000
13	17	9	21	195.2881 0.078773
14	17	11	20	315.9589 0.0000000
15	17	13	19	946.9742 0.0000000
16	17	15	18	859.3855 0.290835
10	18	2	26	42.05997 0.0000000
11	18	4	25	53.68107 0.015918
12	18	6	24	124.1821 0.050709
13	18	8	23	188.1048 0.105846
14	18	10	22	323.8755 0.143071
15	18	12	21	547.5566 0.323454
16	18	14	20	945.9003 0.732047
17	18	16	19	1321.590 5.452677
10	19	1	28	37.12682 0.072643
11	19	3	27	43.34017 0.030635
12	19	5	26	54.62556 0.046729
13	19	7	25	56.02923 0.036432
14	19	9	24	172.3386 0.138785
15	19	11	23	279.7618 0.374558	
16	19	13	22	538.5845 0.723941
17	19	15	21	445.2655 0.632116
18	19	17	20	514.8590 0.337954
11	20	2	29	41.04438 0.0000000
12	20	4	28	47.65294 0.0000000
13	20	6	27	50.97472 0.013017
14	20	8	26	62.36819 0.016337	
15	20	10	25	96.35226 -0.000834
16	20	12	24	248.8479 -0.007002
17	20	14	23	345.7734 0.175712
18	20	16	22	494.6711 0.259672
19	20	18	21	1970.369 1.320428
11	21	1	31	33.56247 0.0000000
12	21	3	30	38.22272 0.0000000
13	21	5	29	44.67801 0.009924
14	21	7	28	52.22618 0.012180
15	21	9	27	73.99627 0.0000000
16	21	11	26	81.87489 -0.000974
17	21	13	25	80.76131 0.033777
18	21	15	24	227.5217 0.089033
19	21	17	23	569.7964 0.366341
20	21	19	22	1215.691 0.615451
12	22	2	32	30.16184 0.016578
13	22	4	31	34.26612 0.022830
14	22	6	30	43.92438 0.034024
15	22	8	29	50.15573 0.040024
16	22	10	28	69.60218 0.062362
17	22	12	27	52.74890 0.052565
18	22	14	26	76.26883 0.082220
19	22	16	25	82.25518 0.136842
20	22	18	24	681.0259 0.787801	
21	22	20	23	1539.967 1.713218
14	23	5	32	34.94142 -0.000059
15	23	7	31	42.22341 -0.000193	
16	23	9	30	60.91487 0.018444
17	23	11	29	48.28074 -0.000114
18	23	13	28	76.91802 -0.001007
19	23	15	27	78.48863 0.072840
20	23	17	26	154.9013 0.084364
21	23	19	25	381.7275 0.0000000
22	23	21	24	1544.931 0.527576
16	24	8	32	49.91545 0.012666
17	24	10	31	56.52322 0.014235	
18	24	12	30	74.27660 0.015808
19	24	14	29	99.74223 0.097499
20	24	16	28	113.8903 0.045328
21	24	18	27	373.8661 0.224367
22	24	20	26	614.7723 0.310379
23	24	22	25	918.0175 0.370890
18	25	11	32	69.08541 0.015283
19	25	13	31	117.7950 0.372745	
20	25	15	30	145.8234 0.112009
21	25	17	29	250.1205 0.136267
22	25	19	28	478.7371 0.247239
23	25	21	27	784.4920 0.687063
24	25	23	26	1473.347 0.965188
20	26	14	32	119.6969 -0.001140
21	26	16	31	179.2683 -0.001212	
22	26	18	30	429.0774 0.0000000
23	26	20	29	636.8316 0.136596
24	26	22	28	801.5136 0.323719
25	26	24	27	753.0643 -0.087506
22	27	17	32	202.0480 0.0000000
23	27	19	31	405.6179 0.137333
24	27	21	30	544.8835 0.376901
25	27	23	29	472.8915 0.0000000
26	27	25	28	871.8785 0.618889
24	28	20	32	289.5845 0.069229
25	28	22	31	309.9315 0.155129
26	28	24	30	514.6669 0.363378
27	28	26	29	940.5076 0.849110
26	29	23	32	242.5069 0.0000000	
27	29	25	31	699.4979 0.465592
28	29	27	30	1989.235 1.286669
28	30	26	32	703.7231 0.482024
29	30	28	31	1676.772 2.280576
30	31	29	32	1726.891 0.449619