32#	Number	of	sensors
#x	z			
0	0.06			
0.1	0.15			
0.15	0.2			
0.24	0.22			
0.36	0.22			
0.43	0.19			
0.51	0.13			
0.57	0.04			
0.74	0.04			
0.82	0.12			
0.93	0.19			
1	0.23			
1.1	0.22			
1.19	0.17			
1.24	0.11			
1.33	0.02			
1.5	0.02			
1.56	0.11			
1.63	0.15			
1.68	0.2			
1.85	0.21			
1.93	0.15			
2	0.1			
2.08	0.04			
2.22	0.05			
2.33	0.12			
2.39	0.2			
2.46	0.25			
2.59	0.26			
2.66	0.2			
2.72	0.13			
2.79	0.04			
1342#	Number	of	data					
#a	b	m	n	R	err			
1	2	3	4	-223.2846 0.119724
1	2	4	5	-185.7788 0.129317
1	2	5	6	-41.65288 0.024438
1	2	6	7	-21.14183 0.016164
1	2	7	8	-11.01394 0.006109
1	2	8	9	-4.142486 0.002160
1	2	9	10	-0.412107 0.000213
1	2	10	11	-0.261788 0.000095
1	3	5	7	-163.8511 0.0000000
1	3	7	9	-34.08965 0.012622
1	3	9	11	-1.372767 0.0000000
1	3	11	13	-2.480127 0.000788
1	3	13	15	-0.741179 0.000197
1	3	15	17	-0.708380 0.0000000
1	3	17	19	-0.240539 0.0000000
1	3	19	21	-0.232296 0.000069
2	3	4	5	-453.4427 0.134847
2	3	5	6	-69.33126 0.041288
2	3	6	7	-31.78130 0.008427
2	3	7	8	-14.20926 0.007298
2	3	8	9	-4.720704 0.001824
2	3	9	10	-0.433853 0.000161
2	3	10	11	-0.264331 0.000186
2	3	11	12	-0.508887 0.000294
1	4	7	10	-86.64478 0.021774
1	4	10	13	-6.572108 0.0000000
1	4	13	16	-2.337535 0.000962
1	4	16	19	-1.275589 0.0000000
1	4	19	22	-0.650865 -0.000000
1	4	22	25	-0.626726 0.0000000
1	4	25	28	-0.236309 0.000060
1	4	28	31	-0.236252 0.000104
2	4	6	8	-184.1666 -0.005413
2	4	8	10	-17.96850 -0.000042
2	4	10	12	-2.577124 -0.000001
2	4	12	14	-3.029163 0.0000000
2	4	14	16	-1.304827 0.000338
2	4	16	18	-0.798918 0.0000000
2	4	18	20	-0.334019 0.000084
2	4	20	22	-0.322236 0.0000000
3	4	5	6	-252.8908 0.159446
3	4	6	7	-99.32878 -0.002663
3	4	7	8	-38.88674 0.021306
3	4	8	9	-11.77006 -0.000020
3	4	9	10	-1.039847 0.000332
3	4	10	11	-0.623434 0.000235
3	4	11	12	-1.179968 0.0000000
3	4	12	13	-1.757715 0.0000000
1	5	9	13	-19.79474 -0.000067
1	5	13	17	-6.800316 0.002642
1	5	17	21	-2.061630 0.0000000
1	5	21	25	-1.663450 -0.000000
1	5	25	29	-0.704188 -0.000000
2	5	8	11	-57.35699 0.012875
2	5	11	14	-12.46066 0.0000000
2	5	14	17	-4.808464 0.0000000
2	5	17	20	-1.335503 0.000569
2	5	20	23	-1.210045 0.000284
2	5	23	26	-0.902494 0.000348
2	5	26	29	-0.453196 0.000174
2	5	29	32	-0.323653 0.000100
3	5	7	9	-220.9694 0.263895
3	5	9	11	-6.035093 0.003116
3	5	11	13	-9.919900 0.006733
3	5	13	15	-2.785994 0.001683
3	5	15	17	-2.543838 0.001799
3	5	17	19	-0.813111 0.000502
3	5	19	21	-0.774622 0.000449
3	5	21	23	-0.626505 0.000693
4	5	6	7	-423.7873 0.116302
4	5	7	8	-136.4107 0.123356
4	5	8	9	-34.12316 0.014537
4	5	9	10	-2.789902 0.001573
4	5	10	11	-1.586996 0.000908
4	5	11	12	-2.887293 0.001436
4	5	12	13	-4.098102 0.001817
4	5	13	14	-0.757468 0.000359
2	6	10	14	-27.52224 0.0000000
2	6	14	18	-8.903854 0.002104
2	6	18	22	-2.598525 0.000743
2	6	22	26	-2.053248 0.000526
2	6	26	30	-0.916055 0.000371
3	6	9	12	-21.34007 0.0000000
3	6	12	15	-15.93687 0.0000000
3	6	15	18	-5.270521 0.001115
3	6	18	21	-1.928463 0.000557
3	6	21	24	-1.590475 0.0000000
3	6	24	27	-0.933844 0.000278
3	6	27	30	-0.651335 -0.000000
4	6	8	10	-108.9563 0.055018
4	6	10	12	-11.07906 0.004862
4	6	12	14	-10.83752 0.003970
4	6	14	16	-4.284956 0.001403
4	6	16	18	-2.502536 0.000992
4	6	18	20	-0.990336 0.000248
4	6	20	22	-0.947990 0.0000000
4	6	22	24	-0.909349 0.0000000
5	6	7	8	-430.2876 0.528469
5	6	8	9	-67.41599 0.025910
5	6	9	10	-4.636210 0.001619
5	6	10	11	-2.495237 0.001280
5	6	11	12	-4.118196 0.001145
5	6	12	13	-5.123488 0.001145
5	6	13	14	-0.852564 -0.000000
5	6	14	15	-1.305397 0.000286
3	7	11	15	-32.35111 0.009675
3	7	15	19	-7.663557 -0.000013
3	7	19	23	-3.027607 0.000855
3	7	23	27	-1.894100 0.000604
3	7	27	31	-0.997337 0.000302
4	7	10	13	-29.26141 0.008499
4	7	13	16	-7.975939 -0.000011
4	7	16	19	-4.125483 -0.000002
4	7	19	22	-1.935289 -0.000000
4	7	22	25	-1.795930 -0.000000
4	7	25	28	-0.645768 0.0000000
4	7	28	31	-0.650445 0.000187
5	7	9	11	-13.60121 0.012701
5	7	11	13	-16.06590 0.013472
5	7	13	15	-3.579113 0.003273
5	7	15	17	-3.300873 0.002862
5	7	17	19	-1.002709 0.000930
5	7	19	21	-0.902515 0.000687
5	7	21	23	-0.720128 0.000658
5	7	23	25	-0.716684 0.000627
6	7	8	9	-74.04926 0.069441
6	7	9	10	-4.315438 0.003336
6	7	10	11	-2.137609 0.001907
6	7	11	12	-3.178905 0.003068
6	7	12	13	-3.625671 0.002617
6	7	13	14	-0.546482 0.000258
6	7	14	15	-0.864489 0.000612
6	7	15	16	-0.651203 0.000462
4	8	12	16	-34.14374 0.008229
4	8	16	20	-7.177413 -0.000011
4	8	20	24	-3.542341 0.001028
4	8	24	28	-1.661639 0.000363
4	8	28	32	-1.087034 0.0000000
5	8	11	14	-35.34349 0.009307
5	8	14	17	-10.33420 0.003290
5	8	17	20	-2.450235 -0.000002
5	8	20	23	-1.996108 0.000822
5	8	23	26	-1.420708 0.000411
5	8	26	29	-0.678550 0.000251
5	8	29	32	-0.491047 0.0000000
6	8	10	12	-19.98223 0.013801
6	8	12	14	-13.99868 0.010540
6	8	14	16	-5.017148 0.004879
6	8	16	18	-2.727296 0.001992
6	8	18	20	-0.957805 0.001026
6	8	20	22	-0.861555 0.000609
6	8	22	24	-0.815938 0.000681
6	8	24	26	-0.522505 0.000412
7	8	9	10	-17.17259 0.010056
7	8	10	11	-6.628229 0.003840
7	8	11	12	-8.054227 0.004105
7	8	12	13	-8.508253 0.004105
7	8	13	14	-1.325761 0.000811
7	8	14	15	-2.015178 0.001257
7	8	15	16	-1.486773 0.000811
7	8	16	17	-1.368110 0.000725
5	9	13	17	-34.86331 -0.000258
5	9	17	21	-6.387303 0.002071
5	9	21	25	-4.110975 0.003587
5	9	25	29	-1.504508 0.0000000
6	9	12	15	-66.01322 0.055406
6	9	15	18	-15.16785 0.012278
6	9	18	21	-3.589830 0.003206
6	9	21	24	-2.515484 0.002069
6	9	24	27	-1.320803 0.001133
6	9	27	30	-0.857714 0.000566
7	9	11	13	-94.70589 -0.004915
7	9	13	15	-15.85031 0.004915
7	9	15	17	-12.13860 0.003475
7	9	17	19	-2.544876 0.000614
7	9	19	21	-1.943369 -0.000001
7	9	21	23	-1.383624 0.000307
7	9	23	25	-1.283421 -0.000001
7	9	25	27	-0.453657 0.000153
8	9	10	11	-54.16557 0.088680
8	9	11	12	-41.50342 0.037317
8	9	12	13	-36.64631 0.033865
8	9	13	14	-5.066882 0.004664
8	9	14	15	-7.446494 0.007504
8	9	15	16	-5.274162 0.004931
8	9	16	17	-4.009975 0.003752
8	9	17	18	-1.021550 0.001019
6	10	14	18	-42.15673 0.028887
6	10	18	22	-5.861232 0.003343
6	10	22	26	-3.586253 0.002157
6	10	26	30	-1.330247 0.000590
7	10	13	16	-41.01618 0.010308
7	10	16	19	-12.16710 0.002577
7	10	19	22	-3.573472 0.0000000
7	10	22	25	-2.728279 0.000911
7	10	25	28	-0.808962 0.0000000
7	10	28	31	-0.771813 0.000227
8	10	12	14	-96.87950 0.034413
8	10	14	16	-25.58539 0.008603
8	10	16	18	-8.772769 0.003041
8	10	18	20	-2.297581 0.000537
8	10	20	22	-1.740478 -0.000001
8	10	22	24	-1.438934 0.0000000
8	10	24	26	-0.809095 0.0000000
8	10	26	28	-0.337036 -0.000000
9	10	11	12	-99.35637 0.123676
9	10	12	13	-49.61970 0.064008
9	10	13	14	-5.538761 0.007590
9	10	14	15	-7.673314 0.011315
9	10	15	16	-5.186475 0.007729
9	10	16	17	-3.097600 0.004899
9	10	17	18	-0.643906 0.001032
9	10	18	19	-0.504269 0.000806
7	11	15	19	-38.29571 0.008845
7	11	19	23	-6.153546 0.0000000
7	11	23	27	-2.881196 0.000781
7	11	27	31	-1.224541 0.000390
8	11	14	17	-58.88652 0.0000000
8	11	17	20	-5.872066 0.002095
8	11	20	23	-3.598841 0.0000000
8	11	23	26	-2.029925 0.0000000
8	11	26	29	-0.769757 0.000261
8	11	29	32	-0.529659 0.0000000
9	11	13	15	-37.35355 0.018122
9	11	15	17	-21.03359 0.014326
9	11	17	19	-2.595280 0.001790
9	11	19	21	-1.744789 0.000980
9	11	21	23	-1.080654 0.000749
9	11	23	25	-0.890181 0.000600
9	11	25	27	-0.252922 0.000173
9	11	27	29	-0.248753 0.000158
10	11	12	13	-143.6959 0.109245
10	11	13	14	-10.71847 0.006827
10	11	14	15	-13.51051 0.012104
10	11	15	16	-8.545485 0.007954
10	11	16	17	-4.245037 0.004740
10	11	17	18	-0.806457 0.000994
10	11	18	19	-0.644213 0.000665
10	11	19	20	-0.464778 0.000395
8	12	16	20	-35.40521 -0.000749
8	12	20	24	-8.153254 -0.000023
8	12	24	28	-2.572185 0.000749
8	12	28	32	-1.357376 0.000374
9	12	15	18	-66.85030 0.016342
9	12	18	21	-7.315086 -0.000045
9	12	21	24	-3.827576 -0.000011
9	12	24	27	-1.553423 0.000361
9	12	27	30	-0.813751 0.000255
10	12	14	16	-100.2464 0.063623
10	12	16	18	-20.17800 0.022494
10	12	18	20	-4.169383 0.002650
10	12	20	22	-2.869744 0.002095
10	12	22	24	-2.099945 0.001554
10	12	24	26	-1.041758 0.000876
10	12	26	28	-0.383180 0.000261
10	12	28	30	-0.461434 0.000261
11	12	13	14	-42.41225 0.017592
11	12	14	15	-49.01495 0.012439
11	12	15	16	-29.25595 0.010772
11	12	16	17	-12.77517 0.009329
11	12	17	18	-2.370931 0.001454
11	12	18	19	-1.801741 0.000952
11	12	19	20	-1.268329 0.000549
11	12	20	21	-1.355361 0.000388
9	13	17	21	-34.90779 0.013832
9	13	21	25	-12.62222 0.003458
9	13	25	29	-2.815860 0.000611
10	13	16	19	-92.86615 0.219550
10	13	19	22	-15.13888 0.014554
10	13	22	25	-8.597886 0.008746
10	13	25	28	-1.835372 0.002056
10	13	28	31	-1.573617 0.001546
11	13	15	17	-288.8067 0.531908
11	13	17	19	-19.49567 0.024368
11	13	19	21	-11.06292 0.011841
11	13	21	23	-6.037889 0.007598
11	13	23	25	-4.601129 0.005561
11	13	25	27	-1.203795 0.001343
11	13	27	29	-1.113214 0.001243
11	13	29	31	-0.740381 0.000761
12	13	14	15	-546.3416 0.558395
12	13	15	16	-191.9408 0.288996
12	13	16	17	-55.00559 0.123741
12	13	17	18	-8.825933 0.010164
12	13	18	19	-6.499767 0.007556
12	13	19	20	-4.421881 0.004663
12	13	20	21	-4.015333 0.003866
12	13	21	22	-2.097071 0.002101
10	14	18	22	-29.67440 0.0000000
10	14	22	26	-11.10628 0.0000000
10	14	26	30	-2.717076 0.001023
11	14	17	20	-32.12342 0.020446
11	14	20	23	-13.90139 0.008082
11	14	23	26	-6.359900 0.003614
11	14	26	29	-1.924178 0.000903
11	14	29	32	-1.246625 0.000553
12	14	16	18	-89.68803 0.213505
12	14	18	20	-14.69836 0.009510
12	14	20	22	-7.926045 0.004755
12	14	22	24	-5.440626 0.002658
12	14	24	26	-2.516102 0.001681
12	14	26	28	-0.863510 0.000420
12	14	28	30	-1.008418 0.000514
12	14	30	32	-0.519242 0.000210
13	14	15	16	-129.7229 0.168091
13	14	16	17	-22.99770 0.047408
13	14	17	18	-3.150007 0.003032
13	14	18	19	-2.277324 0.002144
13	14	19	20	-1.502247 0.001252
13	14	20	21	-1.197153 0.001072
13	14	21	22	-0.609748 0.000626
13	14	22	23	-0.672585 0.000740
11	15	19	23	-29.09323 0.006207
11	15	23	27	-9.156520 0.0000000
11	15	27	31	-2.797741 0.0000000
12	15	18	21	-30.23727 0.015424
12	15	21	24	-11.67760 0.007214
12	15	24	27	-4.158736 0.002155
12	15	27	30	-1.923172 0.000834
13	15	17	19	-17.25425 0.024713
13	15	19	21	-8.177823 0.009979
13	15	21	23	-3.797554 0.004905
13	15	23	25	-2.707676 0.003528
13	15	25	27	-0.638132 0.000805
13	15	27	29	-0.567211 0.000720
13	15	29	31	-0.373249 0.000410
14	15	16	17	-60.08303 0.216606
14	15	17	18	-6.974788 0.006514
14	15	18	19	-4.846970 0.004811
14	15	19	20	-3.049929 0.002503
14	15	20	21	-2.427878 0.002083
14	15	21	22	-1.206898 0.001151
14	15	22	23	-1.308024 0.001299
14	15	23	24	-1.006224 0.000885
12	16	20	24	-24.91220 0.005844
12	16	24	28	-5.897245 0.002530
12	16	28	32	-2.569129 0.001033
13	16	19	22	-16.67045 0.011206
13	16	22	25	-7.485411 0.005364
13	16	25	28	-1.373174 0.001069
13	16	28	31	-1.113198 0.000700
14	16	18	20	-16.55707 0.012943
14	16	20	22	-7.143647 0.005788
14	16	22	24	-4.429218 0.003828
14	16	24	26	-1.910556 0.001534
14	16	26	28	-0.610121 0.000443
14	16	28	30	-0.689736 0.000443
14	16	30	32	-0.351080 0.000255
15	16	17	18	-11.92655 0.013092
15	16	18	19	-5.506875 0.007318
15	16	19	20	-3.179556 0.003659
15	16	20	21	-2.376764 0.002672
15	16	21	22	-1.152707 0.001456
15	16	22	23	-1.206212 0.001456
15	16	23	24	-0.915512 0.001082
15	16	24	25	-0.690646 0.000851
13	17	21	25	-43.84672 -0.000508
13	17	25	29	-5.465632 0.001436
14	17	20	23	-55.90286 -0.000874
14	17	23	26	-17.20939 0.004947
14	17	26	29	-3.386539 0.0000000
14	17	29	32	-1.956880 -0.000000
15	17	19	21	-70.77813 0.055724
15	17	21	23	-23.54096 0.021417
15	17	23	25	-13.78048 0.011113
15	17	25	27	-2.378638 0.002164
15	17	27	29	-1.881730 0.001575
15	17	29	31	-1.155679 0.000525
16	17	18	19	-87.59783 0.135849
16	17	19	20	-40.14987 0.059398
16	17	20	21	-25.00684 0.037746
16	17	21	22	-10.75743 0.016981
16	17	22	23	-10.40749 0.016474
16	17	23	24	-7.232511 0.011089
16	17	24	25	-4.931645 0.007841
16	17	25	26	-1.194154 0.001873
14	18	22	26	-73.12800 0.027652
14	18	26	30	-7.565083 0.001728
15	18	21	24	-91.92543 0.0000000
15	18	24	27	-18.01274 0.0000000
15	18	27	30	-4.959293 -0.000014
16	18	20	22	-147.6825 0.160979
16	18	22	24	-51.63896 0.062717
16	18	24	26	-15.19551 0.021173
16	18	26	28	-3.165454 0.004985
16	18	28	30	-3.104609 0.003153
16	18	30	32	-1.469585 0.001426
17	18	19	20	-198.1764 0.248223
17	18	20	21	-85.67332 0.070490
17	18	21	22	-26.30884 0.027300
17	18	22	23	-21.42984 0.022977
17	18	23	24	-12.55383 0.013363
17	18	24	25	-7.573530 0.009028
17	18	25	26	-1.488403 0.001843
17	18	26	27	-0.951908 0.001073
15	19	23	27	-66.01221 -0.003040
15	19	27	31	-8.555657 0.0000000
16	19	22	25	-118.9608 0.096298
16	19	25	28	-9.309042 0.008115
16	19	28	31	-5.831371 0.005444
17	19	21	23	-121.3302 0.149028
17	19	23	25	-44.63390 0.059939
17	19	25	27	-5.111260 0.006586
17	19	27	29	-3.525771 0.004588
17	19	29	31	-1.983254 0.003041
18	19	20	21	-195.9168 0.123558
18	19	21	22	-43.41508 0.038722
18	19	22	23	-30.11327 0.029765
18	19	23	24	-15.66189 0.014882
18	19	24	25	-8.810626 0.010319
18	19	25	26	-1.636736 0.001824
18	19	26	27	-1.028866 0.001094
18	19	27	28	-0.781192 0.000729
16	20	24	28	-55.50224 0.037137
16	20	28	32	-11.03340 0.005360
17	20	23	26	-106.3025 0.088711
17	20	26	29	-10.50048 0.006151
17	20	29	32	-5.057930 0.005214
18	20	22	24	-170.4219 0.196677
18	20	24	26	-32.10940 0.040832
18	20	26	28	-5.065369 0.005930
18	20	28	30	-4.459344 0.004974
18	20	30	32	-1.988673 0.002552
19	20	21	22	-178.7256 0.296422
19	20	22	23	-87.56658 0.144458
19	20	23	24	-36.92039 0.059745
19	20	24	25	-18.54455 0.032354
19	20	25	26	-3.085046 0.005381
19	20	26	27	-1.866102 0.003192
19	20	27	28	-1.387333 0.002665
19	20	28	29	-1.742623 0.002196
17	21	25	29	-31.90015 -0.000301
18	21	24	27	-84.59356 0.064150
18	21	27	30	-13.99233 0.008784
19	21	23	25	-188.8093 0.224954
19	21	25	27	-14.53720 0.018599
19	21	27	29	-8.676630 0.011919
19	21	29	31	-4.530631 0.004304
20	21	22	23	-335.4685 0.188904
20	21	23	24	-93.41091 0.062474
20	21	24	25	-39.98673 0.037335
20	21	25	26	-6.043620 0.004666
20	21	26	27	-3.558145 0.002556
20	21	27	28	-2.512353 0.001650
20	21	28	29	-3.053493 0.001952
20	21	29	30	-1.797986 0.001730
18	22	26	30	-31.71026 -0.000259
19	22	25	28	-31.74674 0.039255
19	22	28	31	-15.03148 0.017363
20	22	24	26	-104.1743 0.109947
20	22	26	28	-12.58309 0.009336
20	22	28	30	-9.608959 0.006026
20	22	30	32	-4.005723 0.002695
21	22	23	24	-153.5992 0.097812
21	22	24	25	-51.36638 0.048906
21	22	25	26	-6.797597 0.004322
21	22	26	27	-3.869490 0.001528
21	22	27	28	-2.656233 0.0000000
21	22	28	29	-3.047164 0.002161
21	22	29	30	-1.697121 0.002495
21	22	30	31	-0.961983 0.001323
19	23	27	31	-37.56584 0.037964
20	23	26	29	-37.77544 0.029620
20	23	29	32	-14.18897 0.012464
21	23	25	27	-33.82595 0.044732
21	23	27	29	-16.75581 0.020498
21	23	29	31	-7.581435 0.007747
22	23	24	25	-142.3776 0.178233
22	23	25	26	-15.08726 0.012701
22	23	26	27	-8.040951 0.005841
22	23	27	28	-5.254969 0.003736
22	23	28	29	-5.782640 0.003295
22	23	29	30	-3.154626 0.002330
22	23	30	31	-1.782379 0.001320
22	23	31	32	-1.724985 0.001320
20	24	28	32	-42.36677 0.0000000
21	24	27	30	-40.96380 0.025360
22	24	26	28	-33.24500 0.022811
22	24	28	30	-20.80438 0.013969
22	24	30	32	-7.940145 0.005206
23	24	25	26	-26.54274 0.020047
23	24	26	27	-12.44035 0.008680
23	24	27	28	-7.496294 0.005413
23	24	28	29	-7.783450 0.005011
23	24	29	30	-4.084971 0.002505
23	24	30	31	-2.268570 0.001696
23	24	31	32	-2.160968 0.001252
22	25	28	31	-81.46869 0.0000000
23	25	27	29	-89.63951 0.067554
23	25	29	31	-28.72541 0.020368
24	25	26	27	-92.40005 0.145550
24	25	27	28	-40.06910 0.044126
24	25	28	29	-34.38369 0.030571
24	25	29	30	-14.55991 0.012864
24	25	30	31	-7.835869 0.008255
24	25	31	32	-6.817732 0.006977
23	26	29	32	-94.76853 0.0000000
24	26	28	30	-159.4545 0.068477
24	26	30	32	-42.75254 0.017119
25	26	27	28	-112.0064 0.108257
25	26	28	29	-81.65185 0.062502
25	26	29	30	-29.01283 0.024706
25	26	30	31	-15.68928 0.013532
25	26	31	32	-12.40901 0.010698
25	27	29	31	-111.1638 0.070388
26	27	28	29	-193.3023 0.139247
26	27	29	30	-42.56398 0.034811
26	27	30	31	-23.86673 0.012307
26	27	31	32	-15.35343 0.012307
26	28	30	32	-107.5482 0.053020
27	28	29	30	-77.24275 0.167431
27	28	30	31	-45.30683 0.028220
27	28	31	32	-23.01142 0.047221
28	29	30	31	-212.9555 0.233271
28	29	31	32	-105.2652 0.146763
29	30	31	32	-209.0645 0.390814
1	4	2	3	660.4971 -0.086826
2	5	3	4	709.3802 0.0000000
3	6	4	5	1343.630 0.0000000
1	7	3	5	415.4697 -0.036760
4	7	5	6	919.9205 0.286787
2	8	4	6	497.8774 -0.072285
5	8	6	7	687.5557 0.0000000
3	9	5	7	263.0482 0.143383
6	9	7	8	698.6323 0.493119
1	10	4	7	196.6230 0.066524
4	10	6	8	301.6974 0.0000000
7	10	8	9	368.4333 0.167030
2	11	5	8	203.4040 0.0000000
5	11	7	9	418.1006 0.187571
8	11	9	10	206.1811 0.194409
3	12	6	9	229.1365 0.123376
6	12	8	10	284.5289 0.143189
9	12	10	11	253.5269 0.0000000
1	13	5	9	136.6417 -0.011365
4	13	7	10	180.0389 0.0000000
7	13	9	11	89.75898 0.068731
10	13	11	12	307.5227 0.522351
2	14	6	10	144.3517 -0.006190
5	14	8	11	149.2365 0.0000000
8	14	10	12	170.5489 -0.007306
11	14	12	13	1090.326 0.452552
3	15	7	11	118.4042 0.027533
6	15	9	12	110.7620 0.062220
9	15	11	13	466.2094 0.102982
12	15	13	14	233.5337 0.150105
1	16	6	11	86.63877 -0.003714
4	16	8	12	91.74095 -0.004071
7	16	10	13	165.7614 0.0000000
10	16	12	14	255.3828 0.118490
13	16	14	15	715.5293 0.903406
2	17	7	12	79.69779 0.0000000
5	17	9	13	83.43795 0.042802
8	17	11	14	114.4616 0.034222
11	17	13	15	96.99213 0.051612
14	17	15	16	405.2349 0.303377
3	18	8	13	80.51441 0.0000000
6	18	10	14	84.55698 0.041342
9	18	12	15	141.6695 0.067861
12	18	14	16	171.8390 0.080183
15	18	16	17	359.6839 0.393618
1	19	7	13	78.13087 0.0000000
4	19	9	14	57.35842 -0.000420
7	19	11	15	88.63477 0.025854
10	19	13	16	82.87842 0.072868
13	19	15	17	447.4896 0.179274
16	19	17	18	385.7976 0.482710
2	20	8	14	62.03030 0.026226
5	20	10	15	65.08030 0.026583
8	20	12	16	83.21266 0.059732
11	20	14	17	159.6865 0.083409
14	20	16	18	350.9776 0.298119
17	20	18	19	413.4467 0.817108
3	21	9	15	44.85833 -0.000367
6	21	11	16	70.39887 0.037316
9	21	13	17	100.9978 0.085342
12	21	15	18	211.3554 0.108160
15	21	17	19	225.8491 0.333556
18	21	19	20	582.3619 0.705745
1	22	8	15	49.37428 0.014250
4	22	10	16	46.36444 -0.000231
7	22	12	17	89.34760 0.069568
10	22	14	18	143.4080 0.083501
13	22	16	19	252.9698 0.061008
16	22	18	20	258.9472 0.302106
19	22	20	21	814.3526 0.628621
2	23	9	16	35.97182 0.0000000
5	23	11	17	68.13380 0.027184
8	23	13	18	81.74062 0.025471
11	23	15	19	132.4329 -0.006397
14	23	17	20	170.8641 0.041049
17	23	19	21	320.9882 0.131298
20	23	21	22	495.8257 0.363819
3	24	10	17	43.29454 -0.000463
6	24	12	18	71.95416 0.050863
9	24	14	19	89.90187 0.022594
12	24	16	20	121.0606 0.034766
15	24	18	21	155.5223 0.096394
18	24	20	22	308.3322 0.182153
21	24	22	23	683.7029 0.796135
1	25	9	17	32.09169 0.008833
4	25	11	18	44.42927 0.016228
7	25	13	19	47.40219 0.024977
10	25	15	20	74.74639 0.036761
13	25	17	21	95.32521 0.061580
16	25	19	22	97.71546 0.063398
19	25	21	23	228.4470 0.388688
22	25	23	24	395.0634 0.368872
2	26	10	18	35.72951 0.008594
5	26	12	19	49.46517 0.023479
8	26	14	20	54.72059 0.030478
11	26	16	21	75.80977 0.0000000
14	26	18	22	88.36772 0.0000000
17	26	20	23	141.9994 0.078682
20	26	22	24	311.0015 0.393460
23	26	24	25	490.5365 0.364297
3	27	11	19	38.42556 -0.000929
6	27	13	20	45.01721 0.030594
9	27	15	21	68.19841 0.029426
12	27	17	22	67.25984 -0.001751
15	27	19	23	96.48184 0.034459
18	27	21	24	177.9988 0.075098
21	27	23	25	405.3252 0.341853
24	27	25	26	333.8155 0.368885
1	28	10	19	32.93505 -0.000223
4	28	12	20	41.50770 0.009380
7	28	14	21	52.02259 0.013686
10	28	16	22	66.46345 0.025206
13	28	18	23	88.53814 0.027088
16	28	20	24	99.24445 0.060603
19	28	22	25	257.0625 0.213204
22	28	24	26	393.6182 0.337284
25	28	26	27	423.6393 0.509285
2	29	11	20	34.29772 0.046090
5	29	13	21	39.49177 0.049801
8	29	15	22	49.60298 0.100112
11	29	17	23	56.33435 0.126124
14	29	19	24	83.07286 0.178426
17	29	21	25	138.9353 0.458404
20	29	23	26	267.4753 0.586997
23	29	25	27	239.0775 0.683329
26	29	27	28	357.5782 1.193856
3	30	12	21	34.85954 -0.000289
6	30	14	22	41.95611 0.023377
9	30	16	23	54.90288 -0.000820
12	30	18	24	59.82929 0.0000000
15	30	20	25	96.40155 0.022593
18	30	22	26	184.7852 0.048605
21	30	24	27	247.3878 0.100338
24	30	26	28	221.8020 0.161435
27	30	28	29	713.7298 0.450021
1	31	11	21	31.39861 -0.000355
4	31	13	22	31.25521 0.008666
7	31	15	23	43.05467 -0.000435
10	31	17	24	49.56008 0.0000000
13	31	19	25	84.08061 0.024726
16	31	21	26	102.4995 0.029319
19	31	23	27	177.6000 0.156481
22	31	25	28	173.8693 0.0000000
25	31	27	29	348.1148 0.422413
28	31	29	30	525.9387 0.269904
2	32	12	22	30.19493 0.0000000
5	32	14	23	35.73731 0.023702
8	32	16	24	43.38651 0.012962
11	32	18	25	54.43090 -0.000759
14	32	20	26	83.87220 0.0000000
17	32	22	27	116.2338 0.025503
20	32	24	28	157.0778 -0.009314
23	32	26	29	175.8052 0.108997
26	32	28	30	396.5747 0.292061
29	32	30	31	405.9389 -0.069620
3	4	1	2	-223.9098 0.060738
4	5	1	2	-186.5472 0.0000000
4	5	2	3	-455.9398 0.202782
5	6	1	2	-41.29156 0.009199
5	6	2	3	-69.03808 0.0000000
5	6	3	4	-251.1704 0.127467
5	7	1	3	-163.0993 -0.009008
6	7	1	2	-20.97646 0.009087
6	7	2	3	-31.67374 0.010493
6	7	3	4	-98.51331 0.046928
6	7	4	5	-422.1312 0.265467
6	8	2	4	-182.8816 0.115187
7	8	1	2	-10.92349 -0.000033
7	8	2	3	-14.13291 0.0000000
7	8	3	4	-38.51262 0.008640
7	8	4	5	-135.4806 0.034561
7	8	5	6	-429.8702 0.0000000
7	9	1	3	-33.91057 0.007291
7	9	3	5	-219.5653 0.101039
8	9	1	2	-4.147581 0.0000000
8	9	2	3	-4.740440 0.0000000
8	9	3	4	-11.77097 0.0000000
8	9	4	5	-34.11454 0.0000000
8	9	5	6	-67.48609 0.0000000
8	9	6	7	-74.47338 -0.002111
7	10	1	4	-86.01109 0.045509
8	10	2	4	-17.97775 -0.000269
8	10	4	6	-108.9972 0.0000000
9	10	1	2	-0.411417 0.000095
9	10	2	3	-0.433943 0.000191
9	10	3	4	-1.037049 0.000382
9	10	4	5	-2.785905 0.001326
9	10	5	6	-4.642557 0.001875
9	10	6	7	-4.338331 0.001531
9	10	7	8	-17.21191 0.006125
8	11	2	5	-57.30141 0.024816
9	11	1	3	-1.367925 0.000526
9	11	3	5	-6.015889 0.003332
9	11	5	7	-13.63520 0.005961
10	11	1	2	-0.260606 0.000228
10	11	2	3	-0.260980 0.000197
10	11	3	4	-0.614063 0.000427
10	11	4	5	-1.578113 0.001292
10	11	5	6	-2.498707 0.002890
10	11	6	7	-2.163332 0.002665
10	11	7	8	-6.668212 0.007081
10	11	8	9	-54.54854 0.063755
9	12	3	6	-21.22455 0.014042
10	12	2	4	-2.495780 0.001674
10	12	4	6	-11.01234 0.006696
10	12	6	8	-20.13334 0.014670
11	12	2	3	-0.491386 0.000308
11	12	3	4	-1.132147 0.000915
11	12	4	5	-2.824337 0.001351
11	12	5	6	-4.127454 0.004274
11	12	6	7	-3.242282 0.005293
11	12	7	8	-8.086419 0.008829
11	12	8	9	-41.78619 0.048363
11	12	9	10	-100.3590 0.266656
9	13	1	5	-19.67703 0.004867
10	13	1	4	-6.503484 0.005645
10	13	4	7	-29.29552 0.013617
11	13	1	3	-2.461894 0.002794
11	13	3	5	-9.843047 0.010075
11	13	5	7	-16.12804 0.017226
11	13	7	9	-95.17931 0.116164
12	13	3	4	-1.769497 0.001896
12	13	4	5	-4.102422 0.003868
12	13	5	6	-5.136345 0.004014
12	13	6	7	-3.648261 0.003034
12	13	7	8	-8.533125 0.008029
12	13	8	9	-36.91560 0.036417
12	13	9	10	-51.00347 0.038387
12	13	10	11	-141.6165 0.113876
10	14	2	6	-27.45402 0.0000000
11	14	2	5	-12.40587 0.003557
11	14	5	8	-35.45509 -0.000444
12	14	2	4	-3.064155 0.001686
12	14	4	6	-10.86517 0.005334
12	14	6	8	-14.03636 0.008263
12	14	8	10	-98.41303 0.097313
13	14	4	5	-0.772899 0.000606
13	14	5	6	-0.850728 0.000857
13	14	6	7	-0.534377 0.001286
13	14	7	8	-1.316394 0.001555
13	14	8	9	-5.072869 0.004493
13	14	9	10	-5.621027 0.004677
13	14	10	11	-10.58649 0.005801
13	14	11	12	-42.20674 0.027455
11	15	3	7	-32.36864 0.0000000
12	15	3	6	-16.01440 -0.000057
12	15	6	9	-66.41954 0.0000000
13	15	1	3	-0.765695 0.001120
13	15	3	5	-2.838241 0.004041
13	15	5	7	-3.541290 0.003424
13	15	7	9	-15.88339 0.017556
13	15	9	11	-37.43717 0.041417
14	15	5	6	-1.303035 0.000826
14	15	6	7	-0.852463 0.000312
14	15	7	8	-2.005575 0.001592
14	15	8	9	-7.477599 0.006610
14	15	9	10	-7.791164 0.004996
14	15	10	11	-13.38940 0.011718
14	15	11	12	-49.03298 0.034620
14	15	12	13	-546.5849 0.357554
12	16	4	8	-34.18428 0.019907
13	16	1	4	-2.421692 0.002868
13	16	4	7	-7.954293 0.002294
13	16	7	10	-41.35641 0.0000000
14	16	2	4	-1.347367 0.000516
14	16	4	6	-4.308892 0.002067
14	16	6	8	-4.983341 0.002387
14	16	8	10	-25.85511 -0.000298
14	16	10	12	-100.1884 0.038196
15	16	6	7	-0.640874 0.000555
15	16	7	8	-1.480801 0.001386
15	16	8	9	-5.293844 0.004916
15	16	9	10	-5.250175 0.003314
15	16	10	11	-8.450915 0.008119
15	16	11	12	-29.20023 0.026517
15	16	12	13	-191.8658 0.142305
15	16	13	14	-130.7892 0.075001
13	17	1	5	-6.917894 0.003478
13	17	5	9	-34.84157 0.0000000
14	17	2	5	-4.865989 0.002483
14	17	5	8	-10.29123 0.003512
14	17	8	11	-58.96292 0.019869
15	17	1	3	-0.719494 0.000658
15	17	3	5	-2.565476 0.002280
15	17	5	7	-3.276997 0.002403
15	17	7	9	-12.14354 0.010533
15	17	9	11	-20.97408 0.017201
15	17	11	13	-288.0709 0.217580
16	17	7	8	-1.362577 0.001714
16	17	8	9	-4.007165 0.005170
16	17	9	10	-3.109737 0.003581
16	17	10	11	-4.181266 0.005372
16	17	11	12	-12.67461 0.015475
16	17	12	13	-54.51415 0.059650
16	17	13	14	-22.88655 0.026158
16	17	14	15	-59.84220 0.059650
14	18	2	6	-8.964927 0.004876
14	18	6	10	-42.31796 0.027586
15	18	3	6	-5.284970 -0.000007
15	18	6	9	-15.16512 -0.000060
15	18	9	12	-66.67591 -0.003868
16	18	2	4	-0.806272 0.000907
16	18	4	6	-2.502863 0.003106
16	18	6	8	-2.717295 0.003974
16	18	8	10	-8.799296 0.011084
16	18	10	12	-20.04860 0.025960
16	18	12	14	-89.53552 0.101656
17	18	8	9	-1.025758 0.001520
17	18	9	10	-0.649605 0.000984
17	18	10	11	-0.800686 0.001365
17	18	11	12	-2.372748 0.003703
17	18	12	13	-8.830025 0.013640
17	18	13	14	-3.173603 0.005004
17	18	14	15	-6.995170 0.011762
17	18	15	16	-11.90863 0.017198
15	19	3	7	-7.650993 0.002997
15	19	7	11	-38.24453 0.009789
16	19	1	4	-1.283508 0.000589
16	19	4	7	-4.110081 0.003599
16	19	7	10	-12.18253 0.009811
16	19	10	13	-92.36368 0.068842
17	19	1	3	-0.241411 0.000285
17	19	3	5	-0.811024 0.000914
17	19	5	7	-0.997237 0.001140
17	19	7	9	-2.544256 0.002858
17	19	9	11	-2.595123 0.002923
17	19	11	13	-19.51600 0.020104
17	19	13	15	-17.36077 0.018884
18	19	9	10	-0.507416 0.000504
18	19	10	11	-0.636032 0.000697
18	19	11	12	-1.794045 0.001593
18	19	12	13	-6.501921 0.006375
18	19	13	14	-2.298152 0.002469
18	19	14	15	-4.874284 0.005205
18	19	15	16	-5.496513 0.005702
18	19	16	17	-87.10848 0.087354
16	20	4	8	-7.153039 0.003304
16	20	8	12	-35.10498 0.015262
17	20	2	5	-1.331801 0.001019
17	20	5	8	-2.437103 0.001540
17	20	8	11	-5.804916 0.004076
17	20	11	14	-32.04798 0.024650
18	20	2	4	-0.334301 0.000497
18	20	4	6	-0.983190 0.001126
18	20	6	8	-0.947766 0.000689
18	20	8	10	-2.266666 0.002322
18	20	10	12	-4.005693 0.004215
18	20	12	14	-14.69956 0.013890
18	20	14	16	-16.70182 0.016248
19	20	10	11	-0.432204 0.001640
19	20	11	12	-1.163536 0.005630
19	20	12	13	-4.333004 0.005532
19	20	13	14	-1.548796 0.001733
19	20	14	15	-3.073930 0.001280
19	20	15	16	-3.195287 0.001045
19	20	16	17	-40.10263 0.035487
19	20	17	18	-188.5194 0.081954
17	21	1	5	-2.063756 0.001050
17	21	5	9	-6.379214 0.001714
17	21	9	13	-34.78949 0.009699
18	21	3	6	-1.929837 0.001476
18	21	6	9	-3.573126 0.002088
18	21	9	12	-7.244192 0.004576
18	21	12	15	-30.24432 0.016710
19	21	1	3	-0.235934 0.000325
19	21	3	5	-0.774001 0.000934
19	21	5	7	-0.900468 0.001165
19	21	7	9	-1.939243 0.002567
19	21	9	11	-1.725437 0.002201
19	21	11	13	-10.95049 0.012455
19	21	13	15	-8.178240 0.009320
19	21	15	17	-70.79910 0.095575
20	21	11	12	-1.400803 0.001389
20	21	12	13	-4.022645 0.002669
20	21	13	14	-1.173280 0.000943
20	21	14	15	-2.405881 0.001964
20	21	15	16	-2.356761 0.001887
20	21	16	17	-25.14356 0.022229
20	21	17	18	-85.15755 0.049322
20	21	18	19	-201.9170 0.203360
18	22	2	6	-2.599059 0.0000000
18	22	6	10	-5.856299 0.0000000
18	22	10	14	-29.58511 0.0000000
19	22	1	4	-0.655691 0.000708
19	22	4	7	-1.929743 0.001805
19	22	7	10	-3.577825 0.003322
19	22	10	13	-15.03896 0.013288
19	22	13	16	-16.63059 0.009814
20	22	2	4	-0.329718 0.000324
20	22	4	6	-0.950849 0.000886
20	22	6	8	-0.861400 0.000886
20	22	8	10	-1.770556 0.002272
20	22	10	12	-2.956225 0.006531
20	22	12	14	-7.896264 0.005361
20	22	14	16	-7.086014 0.003282
20	22	16	18	-147.4989 0.142246
21	22	12	13	-2.103737 0.001087
21	22	13	14	-0.593902 0.001368
21	22	14	15	-1.191450 0.001961
21	22	15	16	-1.140333 0.001601
21	22	16	17	-10.77760 0.009058
21	22	17	18	-26.22966 0.021318
21	22	18	19	-45.21200 0.010049
21	22	19	20	-176.4432 0.127117
19	23	3	7	-3.024080 0.003189
19	23	7	11	-6.157392 0.006620
19	23	11	15	-28.96429 0.027411
20	23	2	5	-1.217085 0.001073
20	23	5	8	-1.996947 0.001697
20	23	8	11	-3.664204 0.002630
20	23	11	14	-13.96284 0.011763
20	23	14	17	-55.93403 0.048596
21	23	3	5	-0.629929 0.000708
21	23	5	7	-0.717808 0.000810
21	23	7	9	-1.392862 0.001885
21	23	9	11	-1.101183 0.002206
21	23	11	13	-6.083566 0.009822
21	23	13	15	-3.745290 0.001572
21	23	15	17	-23.54401 0.022684
21	23	17	19	-124.3323 0.142360
22	23	13	14	-0.666172 0.000609
22	23	14	15	-1.303200 0.001175
22	23	15	16	-1.199000 0.001030
22	23	16	17	-10.43648 0.007822
22	23	17	18	-21.38456 0.013797
22	23	18	19	-31.35836 0.014749
22	23	19	20	-86.14544 0.051095
22	23	20	21	-334.6921 0.117999
20	24	4	8	-3.542416 0.001051
20	24	8	12	-8.339806 0.006311
20	24	12	16	-24.78730 0.008415
21	24	3	6	-1.592134 0.000962
21	24	6	9	-2.523628 0.001667
21	24	9	12	-3.894444 0.002223
21	24	12	15	-11.62204 0.006289
21	24	15	18	-91.85871 0.050312
22	24	4	6	-0.911096 0.000588
22	24	6	8	-0.816079 0.000689
22	24	8	10	-1.449506 0.001018
22	24	10	12	-2.117775 0.002037
22	24	12	14	-5.427459 0.002881
22	24	14	16	-4.416530 0.002630
22	24	16	18	-51.61983 0.035216
22	24	18	20	-170.1192 0.112942
23	24	14	15	-1.003908 0.000631
23	24	15	16	-0.910373 0.000576
23	24	16	17	-7.244120 0.005049
23	24	17	18	-12.53272 0.006519
23	24	18	19	-16.17086 0.007141
23	24	19	20	-36.35419 0.016492
23	24	20	21	-93.49285 0.052153
23	24	21	22	-153.9638 0.065969
21	25	1	5	-1.668911 0.000701
21	25	5	9	-4.119691 0.002292
21	25	9	13	-12.70888 0.009168
21	25	13	17	-43.83696 0.018337
22	25	1	4	-0.631872 0.0000000
22	25	4	7	-1.796225 0.000433
22	25	7	10	-2.748841 0.001224
22	25	10	13	-8.631247 0.002449
22	25	13	16	-7.481379 0.003873
22	25	16	19	-120.8933 0.027716
23	25	5	7	-0.717833 0.000629
23	25	7	9	-1.291606 0.001178
23	25	9	11	-0.897437 0.000944
23	25	11	13	-4.623153 0.004362
23	25	13	15	-2.711853 0.002181
23	25	15	17	-13.83779 0.013328
23	25	17	19	-45.50300 0.031860
23	25	19	21	-188.7642 0.161203
24	25	15	16	-0.692790 0.000909
24	25	16	17	-4.983748 0.006065
24	25	17	18	-7.631395 0.009348
24	25	18	19	-9.147442 0.009348
24	25	19	20	-18.44643 0.023493
24	25	20	21	-40.38399 0.046986
24	25	21	22	-51.97610 0.064195
24	25	22	23	-144.1253 0.184785
22	26	2	6	-2.060137 -0.000000
22	26	6	10	-3.605611 0.000949
22	26	10	14	-11.12957 0.0000000
22	26	14	18	-73.26571 0.0000000
23	26	2	5	-0.905338 0.000605
23	26	5	8	-1.423488 0.000902
23	26	8	11	-2.042594 0.001141
23	26	11	14	-6.380006 0.003953
23	26	14	17	-17.26865 0.010208
23	26	17	20	-106.5832 0.063260
24	26	6	8	-0.524158 0.000388
24	26	8	10	-0.817444 0.000593
24	26	10	12	-1.050476 0.000839
24	26	12	14	-2.528930 0.001793
24	26	14	16	-1.918567 0.001418
24	26	16	18	-15.30424 0.011899
24	26	18	20	-32.30929 0.022692
24	26	20	22	-105.2147 0.064183
25	26	16	17	-1.201130 0.001332
25	26	17	18	-1.493395 0.001727
25	26	18	19	-1.681696 0.001507
25	26	19	20	-3.053727 0.003285
25	26	20	21	-6.072341 0.005838
25	26	21	22	-6.862608 0.007687
25	26	22	23	-15.21010 0.017056
25	26	23	24	-26.68854 0.026968
23	27	3	7	-1.895096 0.000738
23	27	7	11	-2.895430 0.001908
23	27	11	15	-9.176688 0.003413
23	27	15	19	-66.92331 0.027305
24	27	3	6	-0.937088 0.000372
24	27	6	9	-1.327038 0.000526
24	27	9	12	-1.564852 0.000984
24	27	12	15	-4.175176 0.0000000
24	27	15	18	-18.12587 0.004210
24	27	18	21	-85.24263 -0.002976
25	27	7	9	-0.454319 0.000472
25	27	9	11	-0.253002 0.000311
25	27	11	13	-1.202013 0.001244
25	27	13	15	-0.637501 0.000732
25	27	15	17	-2.379019 0.002583
25	27	17	19	-5.167006 0.005693
25	27	19	21	-14.50893 0.018319
25	27	21	23	-33.84798 0.030253
26	27	17	18	-0.944886 0.000833
26	27	18	19	-1.042866 0.000562
26	27	19	20	-1.824400 0.000711
26	27	20	21	-3.536701 0.002248
26	27	21	22	-3.838506 0.005864
26	27	22	23	-7.991625 0.008995
26	27	23	24	-12.37124 0.012722
26	27	24	25	-91.10215 0.082055
24	28	4	8	-1.665453 0.0000000
24	28	8	12	-2.588159 0.0000000
24	28	12	16	-5.916760 -0.000013
24	28	16	20	-55.72864 -0.000864
25	28	1	4	-0.237898 0.000131
25	28	4	7	-0.643459 0.000186
25	28	7	10	-0.810764 0.000186
25	28	10	13	-1.833938 -0.000001
25	28	13	16	-1.370496 0.000372
25	28	16	19	-9.342673 0.002979
25	28	19	22	-31.71210 0.008427
26	28	8	10	-0.338767 0.000184
26	28	10	12	-0.383045 0.000184
26	28	12	14	-0.861806 0.000184
26	28	14	16	-0.608739 0.000319
26	28	16	18	-3.148389 -0.000005
26	28	18	20	-4.996105 0.003297
26	28	20	22	-12.57912 0.011034
26	28	22	24	-33.18827 0.030075
27	28	18	19	-0.796323 0.001213
27	28	19	20	-1.362411 0.003403
27	28	20	21	-2.520608 0.004812
27	28	21	22	-2.651712 0.001534
27	28	22	23	-5.259030 0.003069
27	28	23	24	-7.497514 0.006138
27	28	24	25	-39.67341 0.024555
27	28	25	26	-112.3465 0.116907
25	29	1	5	-0.707018 0.000948
25	29	5	9	-1.496537 0.001613
25	29	9	13	-2.811733 0.003227
25	29	13	17	-5.455127 0.006300
25	29	17	21	-31.88865 0.031876
26	29	2	5	-0.452143 0.001252
26	29	5	8	-0.672817 0.001507
26	29	8	11	-0.766843 0.001863
26	29	11	14	-1.914518 0.004680
26	29	14	17	-3.372177 0.008430
26	29	17	20	-10.45630 0.032164
26	29	20	23	-37.62317 0.081034
27	29	9	11	-0.249964 0.000761
27	29	11	13	-1.107076 0.003069
27	29	13	15	-0.563591 0.001630
27	29	15	17	-1.875540 0.005289
27	29	17	19	-3.545570 0.009909
27	29	19	21	-8.648243 0.024083
27	29	21	23	-16.66301 0.047403
27	29	23	25	-89.01969 0.226815
28	29	19	20	-1.718471 0.003952
28	29	20	21	-3.035031 0.006280
28	29	21	22	-3.016835 0.006376
28	29	22	23	-5.748512 0.012267
28	29	23	24	-7.736109 0.016487
28	29	24	25	-33.96294 0.068832
28	29	25	26	-82.34904 0.159611
28	29	26	27	-192.9370 0.448686
26	30	2	6	-0.921444 0.0000000
26	30	6	10	-1.323937 0.0000000
26	30	10	14	-2.710430 0.0000000
26	30	14	18	-7.552147 0.0000000
26	30	18	22	-31.60559 -0.000458
27	30	3	6	-0.655944 0.000490
27	30	6	9	-0.852283 0.000490
27	30	9	12	-0.814779 0.000736
27	30	12	15	-1.917283 0.000981
27	30	15	18	-4.950749 0.003926
27	30	18	21	-13.96086 0.015705
27	30	21	24	-40.85738 0.011105
28	30	10	12	-0.461198 0.000225
28	30	12	14	-1.003108 0.000367
28	30	14	16	-0.685594 0.000318
28	30	16	18	-3.103640 0.002205
28	30	18	20	-4.486031 0.006149
28	30	20	22	-9.525986 -0.000016
28	30	22	24	-20.66095 0.005880
28	30	24	26	-160.4252 0.047043
29	30	20	21	-1.814655 0.003288
29	30	21	22	-1.684623 0.002753
29	30	22	23	-3.147089 0.005623
29	30	23	24	-4.086314 0.007363
29	30	24	25	-14.47100 0.025507
29	30	25	26	-29.45258 0.053388
29	30	26	27	-42.84828 0.078717
29	30	27	28	-79.84741 0.171501
27	31	3	7	-0.994910 0.0000000
27	31	7	11	-1.224674 0.0000000
27	31	11	15	-2.792937 0.000831
27	31	15	19	-8.606335 0.0000000
27	31	19	23	-37.42218 0.0000000
28	31	1	4	-0.238953 0.000147
28	31	4	7	-0.646989 0.000449
28	31	7	10	-0.771964 0.000537
28	31	10	13	-1.571233 0.000899
28	31	13	16	-1.109065 0.000760
28	31	16	19	-5.888736 0.003847
28	31	19	22	-14.95043 0.009424
28	31	22	25	-80.91278 0.0000000
29	31	11	13	-0.746434 0.002049
29	31	13	15	-0.376032 0.001087
29	31	15	17	-1.165368 0.003261
29	31	17	19	-2.027462 0.005509
29	31	19	21	-4.553824 0.012737
29	31	21	23	-7.559033 0.020832
29	31	23	25	-28.62359 0.077794
29	31	25	27	-112.1311 0.296071
30	31	21	22	-0.946100 0.000768
30	31	22	23	-1.772411 0.001471
30	31	23	24	-2.262315 0.001984
30	31	24	25	-7.751475 0.006400
30	31	25	26	-15.79389 0.012298
30	31	26	27	-23.63176 0.022454
30	31	27	28	-43.76066 0.062711
30	31	28	29	-212.9358 0.0000000
28	32	4	8	-1.081854 0.000671
28	32	8	12	-1.355878 0.000888
28	32	12	16	-2.560337 0.001777
28	32	16	20	-11.10384 0.006583
28	32	20	24	-42.05688 0.028442
29	32	2	5	-0.327580 0.000856
29	32	5	8	-0.492306 0.001257
29	32	8	11	-0.533094 0.001376
29	32	11	14	-1.250698 0.003164
29	32	14	17	-1.965007 0.005108
29	32	17	20	-5.118222 0.013069
29	32	20	23	-14.12690 0.036964
29	32	23	26	-95.37824 0.240333
30	32	12	14	-0.517565 0.000262
30	32	14	16	-0.349658 0.000273
30	32	16	18	-1.470723 0.000959
30	32	18	20	-2.006266 0.000959
30	32	20	22	-3.970168 0.002574
30	32	22	24	-7.883465 0.005946
30	32	24	26	-42.69611 0.030705
30	32	26	28	-105.8720 0.095138
31	32	22	23	-1.702303 0.001777
31	32	23	24	-2.139535 0.002200
31	32	24	25	-6.692989 0.007342
31	32	25	26	-12.43384 0.012717
31	32	26	27	-15.32947 0.018719
31	32	27	28	-23.36781 0.042497
31	32	28	29	-103.3705 -0.005191
31	32	29	30	-208.0850 0.117479
2	3	1	4	663.2825 -0.076753
3	4	2	5	713.0535 0.185880
3	5	1	7	418.3647 0.115369
4	5	3	6	1346.258 0.485549
4	6	2	8	498.7709 0.127702
5	6	4	7	920.2870 0.689326
4	7	1	10	197.3592 0.096267
5	7	3	9	262.4038 0.071831
6	7	5	8	687.2883 0.650596
5	8	2	11	202.8216 -0.009354
6	8	4	10	300.5329 0.132942
7	8	6	9	697.8053 0.156425
5	9	1	13	136.5977 -0.004128
6	9	3	12	228.9469 0.178042
7	9	5	11	415.7297 0.0000000
8	9	7	10	369.0815 0.224719
6	10	2	14	144.1707 0.069125
7	10	4	13	179.6235 0.037999
8	10	6	12	284.4849 0.0000000
9	10	8	11	206.9068 0.296759
6	11	1	16	86.67718 0.054839
7	11	3	15	117.9698 0.026585
8	11	5	14	149.4073 0.055535
9	11	7	13	89.90914 0.051370
10	11	9	12	254.7737 0.229127
7	12	2	17	79.37730 0.018617
8	12	4	16	91.86941 -0.001893
9	12	6	15	110.5158 0.0000000
10	12	8	14	170.3283 0.144439
11	12	10	13	307.1079 -0.023531
7	13	1	19	78.10443 0.0000000
8	13	3	18	80.55962 0.023289
9	13	5	17	83.33637 0.075569
10	13	7	16	166.1763 0.349247
11	13	9	15	465.2455 0.948843
12	13	11	14	1086.488 1.635692
8	14	2	20	62.01462 0.0000000
9	14	4	19	57.41137 -0.001445
10	14	6	18	84.52818 0.026264
11	14	8	17	114.4178 0.098651
12	14	10	16	256.8479 0.276178
13	14	12	15	232.5266 0.265264
8	15	1	22	49.39454 0.0000000
9	15	3	21	44.84583 0.009741
10	15	5	20	65.08628 0.028374
11	15	7	19	88.72253 0.063794
12	15	9	18	141.8891 0.060384
13	15	11	17	97.21488 0.115051
14	15	13	16	715.8605 0.481578
9	16	2	23	35.96497 -0.001517
10	16	4	22	46.39055 0.027917
11	16	6	21	70.43009 0.031148
12	16	8	20	83.42294 0.050619
13	16	10	19	83.31613 0.126110
14	16	12	18	172.1588 0.098995
15	16	14	17	404.9151 0.587298
9	17	1	25	32.09651 -0.000580
10	17	3	24	43.30588 0.028857
11	17	5	23	68.16235 0.035872
12	17	7	22	89.48300 0.049175
13	17	9	21	101.3897 0.086889
14	17	11	20	160.1188 0.083182
15	17	13	19	446.9951 0.697693
16	17	15	18	360.1404 0.447224
10	18	2	26	35.75075 0.007781
11	18	4	25	44.42368 0.017186
12	18	6	24	71.85674 0.034400
13	18	8	23	81.81584 0.039722
14	18	10	22	143.9515 -0.006914
15	18	12	21	211.9519 0.145761
16	18	14	20	353.1957 0.562585
17	18	16	19	397.2180 0.538056
10	19	1	28	32.90981 -0.000686
11	19	3	27	38.30415 0.019131
12	19	5	26	49.29416 0.024339
13	19	7	25	47.23193 0.028019
14	19	9	24	89.54684 0.039045
15	19	11	23	131.6408 0.090641
16	19	13	22	252.0451 0.475777
17	19	15	21	223.2988 0.348482
18	19	17	20	404.9428 0.429711
11	20	2	29	34.28124 0.009167
12	20	4	28	41.57850 0.010138
13	20	6	27	44.89449 0.024589
14	20	8	26	54.66108 0.031624
15	20	10	25	74.76293 0.036399
16	20	12	24	120.8444 0.145272
17	20	14	23	170.6372 0.140667
18	20	16	22	258.6919 0.377915
19	20	18	21	579.4823 0.751697
11	21	1	31	31.43465 0.010038
12	21	3	30	34.85549 0.013555
13	21	5	29	39.61326 0.028954
14	21	7	28	52.15200 0.046364
15	21	9	27	68.14862 0.104697
16	21	11	26	75.78588 0.115220
17	21	13	25	95.22893 0.124482
18	21	15	24	155.0869 0.258528
19	21	17	23	321.0310 0.483376
20	21	19	22	817.4529 0.217819
12	22	2	32	30.13347 0.0000000
13	22	4	31	31.26358 0.010890
14	22	6	30	41.94330 0.0000000
15	22	8	29	49.63209 0.015817
16	22	10	28	66.65952 0.031432
17	22	12	27	67.24589 0.040215
18	22	14	26	88.33200 0.047987
19	22	16	25	97.63786 0.118120
20	22	18	24	307.5383 0.247264
21	22	20	23	495.8570 0.397778
14	23	5	32	35.59849 -0.000780
15	23	7	31	42.97127 0.009233
16	23	9	30	54.78124 0.0000000
17	23	11	29	56.33251 0.023012
18	23	13	28	88.56622 -0.001768
19	23	15	27	96.35100 0.155360
20	23	17	26	141.8867 0.165227
21	23	19	25	230.6782 0.234545
22	23	21	24	681.8215 0.563452
16	24	8	32	43.20509 0.012344
17	24	10	31	49.49397 0.026647
18	24	12	30	59.70605 0.021989
19	24	14	29	83.09028 0.145199
20	24	16	28	99.41445 0.108494
21	24	18	27	177.8598 0.215016
22	24	20	26	311.1845 0.251145
23	24	22	25	395.9557 0.192993
18	25	11	32	54.17071 -0.000804
19	25	13	31	84.01207 0.124426
20	25	15	30	96.32015 0.072205
21	25	17	29	139.1670 0.165255
22	25	19	28	259.9030 0.199629
23	25	21	27	406.5714 0.384565
24	25	23	26	492.3523 0.828652
20	26	14	32	83.13252 0.0000000
21	26	16	31	102.1343 0.047840
22	26	18	30	184.5878 0.042955
23	26	20	29	268.2358 0.178357
24	26	22	28	395.2630 0.311410
25	26	24	27	333.9394 0.310697
22	27	17	32	114.9813 0.033299
23	27	19	31	177.9526 0.118788
24	27	21	30	247.1398 0.092731
25	27	23	29	238.9560 0.278985
26	27	25	28	423.5766 0.425934
24	28	20	32	156.5689 0.210023
25	28	22	31	173.9335 0.0000000
26	28	24	30	222.8960 0.074580
27	28	26	29	356.6758 0.319240
26	29	23	32	174.7065 0.295514
27	29	25	31	348.9452 0.819738
28	29	27	30	716.5095 1.312000
28	30	26	32	400.3962 0.131090
29	30	28	31	527.7048 0.984508
30	31	29	32	403.1276 0.192844