  #     beta     phi_d     phi_m   phi_m_small     phi_m_smoomth_x     phi_m_smoomth_y     phi_m_smoomth_z      phi
   1 1.0679e+05 5.3306e+04 4.8503e-02 2.0374e-03 2.1810e-02 2.4655e-02  0.0000e+00  6.9596e+04
   2 1.0679e+05 5.4008e+04 2.7547e-02 2.0864e-03 9.2527e-03 1.6208e-02  0.0000e+00  5.8885e+04
   3 1.0679e+05 5.2524e+04 3.1650e-02 2.9316e-03 9.6256e-03 1.9093e-02  0.0000e+00  5.6878e+04
   4 2.1357e+04 4.4111e+04 2.0764e-01 9.2196e-03 7.6867e-02 1.2155e-01  0.0000e+00  5.3204e+04
   5 2.1357e+04 4.2158e+04 2.0927e-01 1.4435e-02 7.6812e-02 1.1802e-01  0.0000e+00  4.8685e+04
   6 2.1357e+04 3.9690e+04 2.9095e-01 2.1176e-02 9.8175e-02 1.7160e-01  0.0000e+00  4.6814e+04
   7 4.2715e+03 2.7665e+04 1.5482e+00 5.8003e-02 5.8981e-01 9.0035e-01  0.0000e+00  4.0926e+04
   8 4.2715e+03 2.1097e+04 2.3159e+00 9.2130e-02 9.1193e-01 1.3118e+00  0.0000e+00  3.4616e+04
   9 4.2715e+03 1.8331e+04 2.5638e+00 9.6973e-02 1.0764e+00 1.3904e+00  0.0000e+00  3.0624e+04
  10 8.5429e+02 9.1459e+03 6.6607e+00 1.6081e-01 3.0408e+00 3.4591e+00  0.0000e+00  2.0583e+04
  11 8.5429e+02 6.5650e+03 6.2462e+00 1.4252e-01 2.9528e+00 3.1509e+00  0.0000e+00  1.3453e+04
  12 8.5429e+02 6.1771e+03 6.3747e+00 1.5208e-01 3.0192e+00 3.2034e+00  0.0000e+00  1.2038e+04
  13 1.7086e+02 4.5932e+03 8.9539e+00 1.6321e-01 4.3851e+00 4.4056e+00  0.0000e+00  7.2112e+03
  14 1.7086e+02 3.4084e+03 1.1040e+01 1.8775e-01 5.5471e+00 5.3048e+00  0.0000e+00  6.1755e+03
  15 1.7086e+02 2.9868e+03 1.2483e+01 1.9721e-01 6.3155e+00 5.9700e+00  0.0000e+00  5.3721e+03
  16 3.4172e+01 2.6783e+03 1.3407e+01 1.9189e-01 6.8287e+00 6.3867e+00  0.0000e+00  3.3918e+03
  17 3.4172e+01 2.5568e+03 1.3083e+01 1.8161e-01 6.6296e+00 6.2716e+00  0.0000e+00  3.1145e+03
  18 3.4172e+01 2.1214e+03 1.6056e+01 1.9286e-01 8.3269e+00 7.5363e+00  0.0000e+00  2.9965e+03
  19 6.8343e+00 1.7109e+03 1.7867e+01 1.9753e-01 9.3434e+00 8.3262e+00  0.0000e+00  2.2235e+03
  20 6.8343e+00 1.4393e+03 2.0523e+01 2.0179e-01 1.0922e+01 9.3997e+00  0.0000e+00  1.8309e+03
  21 6.8343e+00 9.9074e+02 2.2979e+01 1.9695e-01 1.2066e+01 1.0715e+01  0.0000e+00  1.5666e+03
  22 1.3669e+00 8.5233e+02 2.1531e+01 1.7269e-01 1.1023e+01 1.0335e+01  0.0000e+00  1.0181e+03
  23 1.3669e+00 7.5252e+02 2.2356e+01 1.6910e-01 1.1369e+01 1.0817e+01  0.0000e+00  8.8052e+02
  24 1.3669e+00 6.7801e+02 2.2546e+01 1.6459e-01 1.1463e+01 1.0918e+01  0.0000e+00  7.8191e+02
  25 2.7337e-01 6.2892e+02 2.3190e+01 1.6407e-01 1.1802e+01 1.1225e+01  0.0000e+00  6.8407e+02
