  #     beta     phi_d     phi_m   phi_m_small     phi_m_smoomth_x     phi_m_smoomth_y     phi_m_smoomth_z      phi
   1 1.2422e+04 5.3457e+05 1.4553e+01 8.2336e+00 1.9757e+00 4.3439e+00  0.0000e+00  3.9164e+06
   2 1.2422e+04 1.8423e+05 2.5683e+01 1.7875e+01 2.9966e+00 4.8113e+00  0.0000e+00  7.3662e+05
   3 1.2422e+04 2.1914e+05 1.9777e+01 1.5951e+01 1.4386e+00 2.3876e+00  0.0000e+00  5.2764e+05
   4 2.4844e+03 1.1189e+05 3.6589e+01 1.9570e+01 7.2068e+00 9.8125e+00  0.0000e+00  2.6128e+05
   5 2.4844e+03 1.2405e+05 2.8817e+01 1.8245e+01 5.2886e+00 5.2836e+00  0.0000e+00  2.0980e+05
   6 2.4844e+03 9.5398e+04 3.6184e+01 2.0406e+01 7.8967e+00 7.8813e+00  0.0000e+00  1.9392e+05
   7 4.9687e+02 4.0707e+04 8.5336e+01 3.1016e+01 3.3553e+01 2.0767e+01  0.0000e+00  1.1387e+05
   8 4.9687e+02 1.8125e+04 7.0543e+01 2.9600e+01 2.5421e+01 1.5523e+01  0.0000e+00  6.9377e+04
   9 4.9687e+02 1.4052e+04 7.1750e+01 3.1516e+01 2.6164e+01 1.4070e+01  0.0000e+00  5.4435e+04
  10 9.9374e+01 3.1015e+03 1.1375e+02 4.6291e+01 4.3158e+01 2.4302e+01  0.0000e+00  2.1833e+04
  11 9.9374e+01 2.1971e+03 1.0508e+02 4.9035e+01 3.4473e+01 2.1570e+01  0.0000e+00  1.3975e+04
  12 9.9374e+01 1.9630e+03 1.1078e+02 5.1798e+01 3.7018e+01 2.1960e+01  0.0000e+00  1.3759e+04
  13 1.9875e+01 7.1855e+02 1.2492e+02 5.5872e+01 4.0342e+01 2.8710e+01  0.0000e+00  4.1147e+03
  14 1.9875e+01 5.6011e+02 7.5453e+01 3.3999e+01 2.4633e+01 1.6821e+01  0.0000e+00  2.2372e+03
  15 1.9875e+01 5.5052e+02 1.0412e+02 4.6606e+01 3.4780e+01 2.2738e+01  0.0000e+00  2.7257e+03
  16 3.9750e+00 4.1750e+02 1.2169e+02 5.3135e+01 3.8880e+01 2.9677e+01  0.0000e+00  1.0041e+03
  17 3.9750e+00 3.2366e+02 1.1346e+02 4.8833e+01 3.5588e+01 2.9037e+01  0.0000e+00  8.6948e+02
