  #     beta     phi_d     phi_m   phi_m_small     phi_m_smoomth_x     phi_m_smoomth_y     phi_m_smoomth_z      phi
   1 1.1935e+02 5.3559e+02 1.4011e+01 3.0785e-03 9.0794e+00 4.9283e+00  0.0000e+00  2.7020e+03
   2 1.1935e+02 5.3486e+02 1.5220e+01 5.7206e-03 9.8975e+00 5.3164e+00  0.0000e+00  2.6574e+03
   3 1.1935e+02 7.3711e+02 1.1265e+01 1.8412e-02 7.2567e+00 3.9900e+00  0.0000e+00  2.3755e+03
   4 2.3870e+01 4.5676e+02 1.4913e+01 7.6491e-03 9.7836e+00 5.1215e+00  0.0000e+00  1.0026e+03
   5 2.3870e+01 4.1450e+02 1.5047e+01 5.7366e-03 9.7607e+00 5.2802e+00  0.0000e+00  7.9802e+02
   6 2.3870e+01 4.0974e+02 1.4898e+01 5.7979e-03 9.6749e+00 5.2171e+00  0.0000e+00  7.6993e+02
   7 4.7739e+00 3.6919e+02 1.7127e+01 3.9711e-03 1.1207e+01 5.9154e+00  0.0000e+00  4.8153e+02
   8 4.7739e+00 3.4473e+02 1.7406e+01 3.3117e-03 1.1367e+01 6.0361e+00  0.0000e+00  4.4848e+02
   9 4.7739e+00 3.3413e+02 1.8629e+01 3.4724e-03 1.2165e+01 6.4609e+00  0.0000e+00  4.3252e+02
  10 9.5478e-01 2.8871e+02 2.2561e+01 4.5361e-03 1.4879e+01 7.6781e+00  0.0000e+00  3.5191e+02
  11 9.5478e-01 2.6870e+02 2.2551e+01 3.9931e-03 1.4723e+01 7.8241e+00  0.0000e+00  3.1005e+02
