32#	Number	of	sensors
#x	z			
0	0.06			
0.1	0.15			
0.15	0.2			
0.24	0.22			
0.36	0.22			
0.43	0.19			
0.51	0.13			
0.57	0.04			
0.74	0.04			
0.82	0.12			
0.93	0.19			
1	0.23			
1.1	0.22			
1.19	0.17			
1.24	0.11			
1.33	0.02			
1.5	0.02			
1.56	0.11			
1.63	0.15			
1.68	0.2			
1.85	0.21			
1.93	0.15			
2	0.1			
2.08	0.04			
2.22	0.05			
2.33	0.12			
2.39	0.2			
2.46	0.25			
2.59	0.26			
2.66	0.2			
2.72	0.13			
2.79	0.04			
1342#	Number	of	data					
#a	b	m	n	R	err			
1	2	3	4	-218.9146 0.0000000
1	2	4	5	-158.8179 0.042224
1	2	5	6	-32.91621 0.007464
1	2	6	7	-22.11612 0.0000000
1	2	7	8	-11.20034 0.0000000
1	2	8	9	-3.573254 -0.000010
1	2	9	10	-0.296530 0.000082
1	2	10	11	-0.276146 0.0000000
1	3	5	7	-133.6421 0.050915
1	3	7	9	-31.55879 0.007348
1	3	9	11	-1.097914 0.000324
1	3	11	13	-2.415108 0.000649
1	3	13	15	-0.995885 0.000229
1	3	15	17	-0.796957 0.0000000
1	3	17	19	-0.318865 0.000081
1	3	19	21	-0.227873 0.000099
2	3	4	5	-361.2256 -0.032564
2	3	5	6	-48.55145 0.0000000
2	3	6	7	-30.02901 -0.000254
2	3	7	8	-13.02371 -0.000031
2	3	8	9	-3.738943 0.001017
2	3	9	10	-0.271233 -0.000000
2	3	10	11	-0.252909 0.000089
2	3	11	12	-0.471412 0.0000000
1	4	7	10	-82.92706 -0.001163
1	4	10	13	-6.317758 -0.000009
1	4	13	16	-3.234606 -0.000002
1	4	16	19	-1.337629 -0.000000
1	4	19	22	-0.686897 0.0000000
1	4	22	25	-0.787470 0.000205
1	4	25	28	-0.313183 -0.000000
1	4	28	31	-0.249063 0.000072
2	4	6	8	-196.6857 0.0000000
2	4	8	10	-14.80904 0.003523
2	4	10	12	-2.397073 0.000880
2	4	12	14	-3.109299 -0.000004
2	4	14	16	-1.783011 0.000440
2	4	16	18	-0.762473 0.0000000
2	4	18	20	-0.388431 -0.000000
2	4	20	22	-0.355665 0.000155
3	4	5	6	-222.0266 0.0000000
3	4	6	7	-113.6022 0.027218
3	4	7	8	-39.99276 0.013609
3	4	8	9	-10.14527 -0.000037
3	4	9	10	-0.647697 -0.000000
3	4	10	11	-0.596737 0.000260
3	4	11	12	-1.075368 0.000300
3	4	12	13	-1.697325 0.000601
1	5	9	13	-16.19440 -0.000101
1	5	13	17	-7.530694 0.003642
1	5	17	21	-2.147583 0.000575
1	5	21	25	-1.912163 0.000407
1	5	25	29	-0.785790 0.0000000
2	5	8	11	-43.38765 0.0000000
2	5	11	14	-11.25084 0.0000000
2	5	14	17	-5.112197 0.0000000
2	5	17	20	-1.429327 0.0000000
2	5	20	23	-1.321110 0.0000000
2	5	23	26	-0.960276 0.000243
2	5	26	29	-0.471550 0.0000000
2	5	29	32	-0.356945 0.0000000
3	5	7	9	-198.5627 0.135589
3	5	9	11	-4.104864 0.001059
3	5	11	13	-8.574887 0.002996
3	5	13	15	-3.263825 0.001981
3	5	15	17	-2.465767 0.001401
3	5	17	19	-0.939162 0.000458
3	5	19	21	-0.660398 0.000264
3	5	21	23	-0.762260 0.000324
4	5	6	7	-414.1113 0.099541
4	5	7	8	-123.8019 0.078694
4	5	8	9	-24.86714 0.006221
4	5	9	10	-1.516699 0.0000000
4	5	10	11	-1.344005 0.000549
4	5	11	12	-2.454895 0.000777
4	5	12	13	-3.342219 0.001099
4	5	13	14	-0.791401 0.000274
2	6	10	14	-24.60793 0.0000000
2	6	14	18	-8.909559 0.002421
2	6	18	22	-2.550621 0.0000000
2	6	22	26	-2.239381 -0.000000
2	6	26	30	-0.909863 -0.000000
3	6	9	12	-16.30708 0.0000000
3	6	12	15	-14.64357 0.004862
3	6	15	18	-4.903124 0.001215
3	6	18	21	-1.817973 0.000429
3	6	21	24	-1.812540 0.0000000
3	6	24	27	-0.892134 0.0000000
3	6	27	30	-0.638988 0.000151
4	6	8	10	-82.88634 0.048742
4	6	10	12	-9.908209 0.004308
4	6	12	14	-9.191831 0.002154
4	6	14	16	-4.430335 0.001865
4	6	16	18	-1.932343 0.000538
4	6	18	20	-0.958113 0.000380
4	6	20	22	-0.846050 0.0000000
4	6	22	24	-1.013247 0.0000000
5	6	7	8	-425.8459 1.213548
5	6	8	9	-53.93134 0.040362
5	6	9	10	-2.562251 -0.000000
5	6	10	11	-2.197036 0.000891
5	6	11	12	-3.911411 0.001544
5	6	12	13	-4.303678 0.002184
5	6	13	14	-0.752391 0.000445
5	6	14	15	-1.278931 0.000630
3	7	11	15	-31.06655 0.016570
3	7	15	19	-7.333946 0.004474
3	7	19	23	-3.020169 0.001890
3	7	23	27	-1.956807 0.001195
3	7	27	31	-0.998619 0.000732
4	7	10	13	-27.67610 0.007725
4	7	13	16	-7.780873 -0.000021
4	7	16	19	-3.559057 -0.000002
4	7	19	22	-1.720409 -0.000000
4	7	22	25	-1.909354 -0.000000
4	7	25	28	-0.732820 -0.000000
4	7	28	31	-0.583905 0.0000000
5	7	9	11	-10.07076 0.007083
5	7	11	13	-16.02076 0.011359
5	7	13	15	-3.204062 0.001338
5	7	15	17	-2.808635 0.001639
5	7	17	19	-1.119900 0.000579
5	7	19	21	-0.754571 0.000409
5	7	21	23	-0.839971 0.000473
5	7	23	25	-0.709102 0.000442
6	7	8	9	-63.79541 0.060094
6	7	9	10	-2.987169 0.002028
6	7	10	11	-2.314705 0.001798
6	7	11	12	-4.035966 0.003252
6	7	12	13	-3.762614 0.003252
6	7	13	14	-0.369731 0.000095
6	7	14	15	-0.800354 0.000507
6	7	15	16	-0.640588 0.000488
4	8	12	16	-30.52259 0.007078
4	8	16	20	-5.983708 0.0000000
4	8	20	24	-3.631255 0.001251
4	8	24	28	-1.646965 -0.000000
4	8	28	32	-1.046605 0.0000000
5	8	11	14	-32.85255 -0.000219
5	8	14	17	-9.019804 0.0000000
5	8	17	20	-2.448647 -0.000001
5	8	20	23	-2.011236 0.000439
5	8	23	26	-1.426165 -0.000000
5	8	26	29	-0.675736 0.0000000
5	8	29	32	-0.511836 -0.000000
6	8	10	12	-19.48546 0.016143
6	8	12	14	-12.23620 0.009498
6	8	14	16	-4.657659 0.003166
6	8	16	18	-2.109314 0.001480
6	8	18	20	-0.983508 0.000625
6	8	20	22	-0.800495 0.000593
6	8	22	24	-0.962324 0.000685
6	8	24	26	-0.508543 0.000419
7	8	9	10	-9.469278 0.004414
7	8	10	11	-5.533418 0.002207
7	8	11	12	-7.611925 0.002207
7	8	12	13	-7.081275 0.002703
7	8	13	14	-1.030656 0.0000000
7	8	14	15	-1.824044 0.0000000
7	8	15	16	-1.398034 0.000390
7	8	16	17	-0.908465 0.000337
5	9	13	17	-28.93087 -0.000408
5	9	17	21	-5.610870 -0.000012
5	9	21	25	-4.046299 0.0000000
5	9	25	29	-1.463207 0.0000000
6	9	12	15	-54.24216 0.041376
6	9	15	18	-12.24419 0.008251
6	9	18	21	-3.054733 0.001350
6	9	21	24	-2.615885 0.001559
6	9	24	27	-1.161207 0.000675
6	9	27	30	-0.787914 0.000435
7	9	11	13	-78.50672 -0.004144
7	9	13	15	-13.34341 -0.000064
7	9	15	17	-9.545752 0.002072
7	9	17	19	-2.390073 -0.000004
7	9	19	21	-1.344984 0.0000000
7	9	21	23	-1.397859 0.0000000
7	9	23	25	-1.096369 0.000366
7	9	25	27	-0.430212 0.000183
8	9	10	11	-41.68441 0.017670
8	9	11	12	-34.97029 0.017670
8	9	12	13	-28.87890 0.017670
8	9	13	14	-3.962070 0.002016
8	9	14	15	-6.529983 0.003607
8	9	15	16	-4.777275 0.002208
8	9	16	17	-2.462881 0.001104
8	9	17	18	-0.865245 0.000450
6	10	14	18	-35.38183 0.026697
6	10	18	22	-5.018277 0.002724
6	10	22	26	-3.504646 0.002359
6	10	26	30	-1.207327 0.000481
7	10	13	16	-35.37524 0.015847
7	10	16	19	-8.687457 0.001980
7	10	19	22	-2.656174 0.001213
7	10	22	25	-2.531135 0.000990
7	10	25	28	-0.797391 0.000391
7	10	28	31	-0.610284 0.000350
8	10	12	14	-75.79389 0.021613
8	10	14	16	-22.73922 0.007641
8	10	16	18	-5.768233 -0.000021
8	10	18	20	-1.862136 0.000477
8	10	20	22	-1.364738 0.000477
8	10	22	24	-1.394540 -0.000002
8	10	24	26	-0.636095 0.000238
8	10	26	28	-0.312079 0.000119
9	10	11	12	-73.00044 0.088987
9	10	12	13	-38.43072 0.053731
9	10	13	14	-4.432436 0.005899
9	10	14	15	-6.771962 0.009766
9	10	15	16	-4.641470 0.007269
9	10	16	17	-1.903322 0.002894
9	10	17	18	-0.534132 0.000851
9	10	18	19	-0.487664 0.000750
7	11	15	19	-33.48822 0.013923
7	11	19	23	-5.228140 0.002009
7	11	23	27	-2.646700 0.001004
7	11	27	31	-1.101695 0.000435
8	11	14	17	-53.40493 0.021528
8	11	17	20	-5.096512 0.001902
8	11	20	23	-3.359432 0.001345
8	11	23	26	-1.844751 0.000823
8	11	26	29	-0.691316 0.000336
8	11	29	32	-0.500243 0.000168
9	11	13	15	-35.25415 0.015753
9	11	15	17	-19.00551 0.011139
9	11	17	19	-2.578970 0.001705
9	11	19	21	-1.225509 0.000751
9	11	21	23	-1.260388 0.000898
9	11	23	25	-0.852604 0.000568
9	11	25	27	-0.267430 0.000200
9	11	27	29	-0.247933 0.000123
10	11	12	13	-126.0685 0.154645
10	11	13	14	-10.20476 0.011160
10	11	14	15	-13.88494 0.016740
10	11	15	16	-9.296968 0.011672
10	11	16	17	-3.183851 0.004299
10	11	17	18	-0.809776 0.001169
10	11	18	19	-0.748394 0.001016
10	11	19	20	-0.278092 0.000289
8	12	16	20	-27.01453 0.0000000
8	12	20	24	-8.452748 0.001925
8	12	24	28	-2.462311 0.000962
8	12	28	32	-1.291605 0.000340
9	12	15	18	-62.96224 0.018338
9	12	18	21	-6.405416 0.0000000
9	12	21	24	-4.689746 0.001985
9	12	24	27	-1.518566 0.000405
9	12	27	30	-0.849869 0.0000000
10	12	14	16	-105.3522 0.104897
10	12	16	18	-15.68791 0.022909
10	12	18	20	-3.704673 0.003979
10	12	20	22	-3.062920 0.003527
10	12	22	24	-2.634515 0.003008
10	12	24	26	-1.052582 0.001275
10	12	26	28	-0.461446 0.000531
10	12	28	30	-0.455808 0.000497
11	12	13	14	-41.54723 0.018446
11	12	14	15	-51.31219 0.033678
11	12	15	16	-31.03184 0.024976
11	12	16	17	-9.455354 0.010311
11	12	17	18	-2.260227 0.002490
11	12	18	19	-2.052506 0.001940
11	12	19	20	-0.626481 0.000440
11	12	20	21	-1.265861 0.001199
9	13	17	21	-27.57992 0.007348
9	13	21	25	-12.11240 0.002598
9	13	25	29	-2.681348 -0.000002
10	13	16	19	-63.02501 0.109559
10	13	19	22	-10.74466 0.004226
10	13	22	25	-8.142593 0.004725
10	13	25	28	-1.876646 0.000915
10	13	28	31	-1.340527 0.000373
11	13	15	17	-232.9183 0.418992
11	13	17	19	-16.86785 0.022678
11	13	19	21	-6.895621 0.007676
11	13	21	23	-6.069508 0.008183
11	13	23	25	-3.935048 0.005175
11	13	25	27	-1.146062 0.001475
11	13	27	29	-1.021123 0.001293
11	13	29	31	-0.657673 0.000693
12	13	14	15	-460.0386 0.498752
12	13	15	16	-160.6195 0.252816
12	13	16	17	-32.08827 0.082800
12	13	17	18	-6.542289 0.009184
12	13	18	19	-6.021040 0.007573
12	13	19	20	-2.529394 0.002755
12	13	20	21	-2.476013 0.003311
12	13	21	22	-1.770821 0.002472
10	14	18	22	-24.95006 -0.000323
10	14	22	26	-10.50892 0.0000000
10	14	26	30	-2.497656 0.000646
11	14	17	20	-27.27516 0.019192
11	14	20	23	-11.61381 0.006785
11	14	23	26	-5.560800 0.003173
11	14	26	29	-1.746268 0.000948
11	14	29	32	-1.218241 0.000519
12	14	16	18	-59.39042 0.178602
12	14	18	20	-12.78823 0.010687
12	14	20	22	-5.406345 0.004262
12	14	22	24	-4.899831 0.003946
12	14	24	26	-1.920579 0.001708
12	14	26	28	-0.803536 0.000604
12	14	28	30	-0.777379 0.000569
12	14	30	32	-0.509680 0.000284
13	14	15	16	-161.4999 0.163950
13	14	16	17	-18.01017 0.045625
13	14	17	18	-3.011589 0.003204
13	14	18	19	-2.813549 0.002505
13	14	19	20	-1.420984 0.001308
13	14	20	21	-0.725429 0.000566
13	14	21	22	-0.429261 0.000327
13	14	22	23	-0.641361 0.000597
11	15	19	23	-23.46931 0.0000000
11	15	23	27	-8.254275 0.0000000
11	15	27	31	-2.614981 0.0000000
12	15	18	21	-27.31707 0.015653
12	15	21	24	-10.71455 0.003500
12	15	24	27	-3.403291 0.001237
12	15	27	30	-1.734044 -0.000000
13	15	17	19	-19.61810 0.033714
13	15	19	21	-6.874672 0.009972
13	15	21	23	-3.628649 0.005494
13	15	23	25	-2.507086 0.003588
13	15	25	27	-0.663251 0.000912
13	15	27	29	-0.572384 0.000726
13	15	29	31	-0.361244 0.000399
14	15	16	17	-50.73446 0.268327
14	15	17	18	-7.179107 0.009890
14	15	18	19	-6.614697 0.007987
14	15	19	20	-2.945441 0.003093
14	15	20	21	-1.782919 0.002062
14	15	21	22	-1.098080 0.001314
14	15	22	23	-1.458835 0.001670
14	15	23	24	-1.055662 0.001062
12	16	20	24	-21.21823 0.006267
12	16	24	28	-5.225566 -0.000008
12	16	28	32	-2.365423 0.0000000
13	16	19	22	-14.62816 0.008466
13	16	22	25	-7.685962 0.005679
13	16	25	28	-1.538244 0.001058
13	16	28	31	-1.041804 0.000579
14	16	18	20	-20.55098 0.017867
14	16	20	22	-5.964395 0.004994
14	16	22	24	-4.978075 0.004077
14	16	24	26	-1.807905 0.001579
14	16	26	28	-0.696930 0.000509
14	16	28	30	-0.652957 0.000483
14	16	30	32	-0.424635 0.000301
15	16	17	18	-12.00680 0.009381
15	16	18	19	-7.906854 0.004342
15	16	19	20	-3.177891 0.001982
15	16	20	21	-1.931102 0.000886
15	16	21	22	-1.180180 0.000700
15	16	22	23	-1.456847 0.000767
15	16	23	24	-1.020231 0.000443
15	16	24	25	-0.623812 0.000414
13	17	21	25	-39.91542 0.009054
13	17	25	29	-4.660996 -0.000006
14	17	20	23	-46.59437 0.013245
14	17	23	26	-14.44657 0.0000000
14	17	26	29	-2.772838 -0.000003
14	17	29	32	-1.738098 0.000413
15	17	19	21	-55.23311 0.015789
15	17	21	23	-22.52544 0.0000000
15	17	23	25	-11.25575 0.0000000
15	17	25	27	-1.931463 0.000493
15	17	27	29	-1.494260 0.000493
15	17	29	31	-0.886115 0.0000000
16	17	18	19	-112.7408 0.138527
16	17	19	20	-32.31501 0.039989
16	17	20	21	-17.82251 0.020970
16	17	21	22	-9.806507 0.012446
16	17	22	23	-10.08243 0.013034
16	17	23	24	-6.203504 0.007414
16	17	24	25	-3.409805 0.004608
16	17	25	26	-0.949436 0.001280
14	18	22	26	-71.69357 0.019553
14	18	26	30	-6.580083 0.002444
15	18	21	24	-93.09207 0.034600
15	18	24	27	-14.88142 0.004325
15	18	27	30	-4.296487 0.0000000
16	18	20	22	-116.0955 0.087774
16	18	22	24	-52.51272 0.045679
16	18	24	26	-12.42870 0.013437
16	18	26	28	-2.846996 0.002375
16	18	28	30	-2.387157 0.002094
16	18	30	32	-1.425655 0.001313
17	18	19	20	-155.6221 0.210701
17	18	20	21	-61.31723 0.059110
17	18	21	22	-27.19616 0.028672
17	18	22	23	-23.35461 0.025845
17	18	23	24	-12.86153 0.013881
17	18	24	25	-6.584125 0.008594
17	18	25	26	-1.480556 0.002053
17	18	26	27	-0.853179 0.000976
15	19	23	27	-65.50763 0.0000000
15	19	27	31	-8.057552 -0.000026
16	19	22	25	-128.2246 0.111601
16	19	25	28	-9.201833 0.009094
16	19	28	31	-5.054006 0.004547
17	19	21	23	-143.2612 0.138360
17	19	23	25	-46.95827 0.051092
17	19	25	27	-5.246043 0.006252
17	19	27	29	-3.631425 0.004224
17	19	29	31	-2.037827 0.002061
18	19	20	21	-170.8696 0.122179
18	19	21	22	-54.59972 0.039992
18	19	22	23	-37.91979 0.036508
18	19	23	24	-18.50815 0.015272
18	19	24	25	-8.939135 0.009787
18	19	25	26	-1.857877 0.002103
18	19	26	27	-1.046941 0.000954
18	19	27	28	-1.004217 0.001051
16	20	24	28	-46.86839 0.032861
16	20	28	32	-9.734816 0.005030
17	20	23	26	-98.10978 0.063100
17	20	26	29	-9.226079 0.006024
17	20	29	32	-5.138116 0.003012
18	20	22	24	-168.9134 0.165597
18	20	24	26	-27.08500 0.032729
18	20	26	28	-4.524256 0.004290
18	20	28	30	-3.781451 0.003422
18	20	30	32	-2.135914 0.002145
19	20	21	22	-173.1070 0.211181
19	20	22	23	-80.71578 0.111103
19	20	23	24	-31.54423 0.037992
19	20	24	25	-13.83815 0.020869
19	20	25	26	-2.415553 0.003582
19	20	26	27	-1.301439 0.001527
19	20	27	28	-1.167784 0.001527
19	20	28	29	-1.222717 0.001495
17	21	25	29	-26.08630 0.015338
18	21	24	27	-65.05213 0.065416
18	21	27	30	-11.44350 0.009271
19	21	23	25	-148.1931 0.214144
19	21	25	27	-10.67760 0.015887
19	21	27	29	-6.544497 0.009463
19	21	29	31	-3.458027 0.004838
20	21	22	23	-290.1979 0.316480
20	21	23	24	-74.13100 0.061286
20	21	24	25	-28.66670 0.034826
20	21	25	26	-4.529533 0.005302
20	21	26	27	-2.433511 0.002279
20	21	27	28	-2.169322 0.002472
20	21	28	29	-1.981510 0.001563
20	21	29	30	-1.336016 0.000874
18	22	26	30	-26.23725 -0.000231
19	22	25	28	-26.80598 0.023152
19	22	28	31	-10.87731 0.008549
20	22	24	26	-83.90202 0.098796
20	22	26	28	-11.13586 0.008233
20	22	28	30	-6.808384 0.005041
20	22	30	32	-3.587619 0.002520
21	22	23	24	-135.5871 0.131568
21	22	24	25	-44.45703 0.064748
21	22	25	26	-6.254917 0.007553
21	22	26	27	-3.405675 0.003409
21	22	27	28	-3.126255 0.003980
21	22	28	29	-2.154449 0.001990
21	22	29	30	-1.336054 0.000961
21	22	30	31	-0.736965 0.000574
19	23	27	31	-34.07762 0.009273
20	23	26	29	-35.37027 0.023561
20	23	29	32	-13.34395 0.005890
21	23	25	27	-33.94652 0.039601
21	23	27	29	-17.25343 0.018668
21	23	29	31	-6.830850 0.006600
22	23	24	25	-150.2528 0.209665
22	23	25	26	-16.14429 0.013104
22	23	26	27	-8.125397 0.004632
22	23	27	28	-6.913309 0.004914
22	23	28	29	-5.052729 0.003064
22	23	29	30	-3.071728 0.001831
22	23	30	31	-1.683725 0.000819
22	23	31	32	-2.325534 0.001294
20	24	28	32	-36.29884 0.0000000
21	24	27	30	-39.32367 0.030142
22	24	26	28	-33.86519 0.018622
22	24	28	30	-17.47387 0.010410
22	24	30	32	-8.439576 0.004031
23	24	25	26	-23.71507 0.014262
23	24	26	27	-10.50289 0.006175
23	24	27	28	-8.307007 0.004716
23	24	28	29	-5.865201 0.003087
23	24	29	30	-3.480182 0.001543
23	24	30	31	-1.874852 0.000630
23	24	31	32	-2.551418 0.001260
22	25	28	31	-57.78683 -0.000853
23	25	27	29	-72.84283 0.040179
23	25	29	31	-20.71363 0.010044
24	25	26	27	-66.82220 0.121173
24	25	27	28	-37.28236 0.022123
24	25	28	29	-21.49806 0.009031
24	25	29	30	-10.21529 0.005973
24	25	30	31	-5.167751 0.001955
24	25	31	32	-6.410808 0.003910
23	26	29	32	-95.14617 0.0000000
24	26	28	30	-142.5548 0.063474
24	26	30	32	-45.08869 0.025913
25	26	27	28	-158.7584 0.203210
25	26	28	29	-78.91811 0.071845
25	26	29	30	-31.94278 0.031110
25	26	30	31	-15.61124 0.014892
25	26	31	32	-17.92379 0.020081
25	27	29	31	-105.2162 0.080148
26	27	28	29	-157.5026 0.167040
26	27	29	30	-39.35360 0.039617
26	27	30	31	-18.23825 0.018675
26	27	31	32	-17.68106 0.022391
26	28	30	32	-105.1971 0.125884
27	28	29	30	-96.71709 0.072013
27	28	30	31	-37.13204 0.039143
27	28	31	32	-32.32033 0.071603
28	29	30	31	-151.4313 0.097985
28	29	31	32	-100.7681 0.097985
29	30	31	32	-251.7278 0.297807
1	4	2	3	531.3821 0.299024
2	5	3	4	677.2179 0.0000000
3	6	4	5	1170.728 0.0000000
1	7	3	5	353.2610 -0.028088
4	7	5	6	818.1453 0.0000000
2	8	4	6	399.1879 0.098503
5	8	6	7	683.1053 0.0000000
3	9	5	7	215.2927 0.111304
6	9	7	8	653.7330 0.347350
1	10	4	7	156.8679 0.0000000
4	10	6	8	305.8662 -0.019234
7	10	8	9	298.0622 0.134682
2	11	5	8	175.6349 -0.011462
5	11	7	9	363.0287 0.126267
8	11	9	10	151.3737 0.034601
3	12	6	9	201.8691 0.053801
6	12	8	10	223.7245 0.078521
9	12	10	11	222.6109 0.0000000
1	13	5	9	109.9160 0.024916
4	13	7	10	159.1356 -0.006306
7	13	9	11	79.00920 0.037608
10	13	11	12	274.2866 0.285320
2	14	6	10	127.4348 -0.006216
5	14	8	11	124.3777 0.0000000
8	14	10	12	169.7590 0.0000000
11	14	12	13	907.7536 0.0000000
3	15	7	11	102.3729 0.026090
6	15	9	12	101.2950 0.027582
9	15	11	13	386.1157 0.194040
12	15	13	14	255.9606 0.148263
1	16	6	11	71.29865 0.0000000
4	16	8	12	75.77522 0.0000000
7	16	10	13	128.8576 0.033958
10	16	12	14	194.4645 0.059468
13	16	14	15	625.9708 0.953527
2	17	7	12	70.95709 0.021763
5	17	9	13	71.12307 0.021956
8	17	11	14	102.3628 0.023595
11	17	13	15	93.94177 0.029641
14	17	15	16	411.1336 0.243577
3	18	8	13	67.96600 -0.001706
6	18	10	14	75.93265 0.035508
9	18	12	15	123.8839 0.043969
12	18	14	16	178.5226 0.051582
15	18	16	17	317.1585 0.295697
1	19	7	13	64.31534 0.021404
4	19	9	14	49.51986 -0.000359
7	19	11	15	80.80428 0.026370
10	19	13	16	76.95227 0.065072
13	19	15	17	367.1734 0.191092
16	19	17	18	322.6756 0.434580
2	20	8	14	52.98707 0.020313
5	20	10	15	60.30824 0.025446
8	20	12	16	75.84507 0.068985
11	20	14	17	140.5953 0.125076
14	20	16	18	277.7207 0.260795
17	20	18	19	442.2482 0.878059
3	21	9	15	42.97243 0.013224
6	21	11	16	68.16975 0.035733
9	21	13	17	90.72718 0.131362
12	21	15	18	201.4736 0.146443
15	21	17	19	251.2743 0.332647
18	21	19	20	507.4136 0.546511
1	22	8	15	44.02421 0.009437
4	22	10	16	46.68112 0.018511
7	22	12	17	81.53399 0.020388
10	22	14	18	134.0376 0.086388
13	22	16	19	227.3785 0.067723
16	22	18	20	252.7612 0.326007
19	22	20	21	675.8428 0.582741
2	23	9	16	34.62086 -0.000355
5	23	11	17	61.83657 0.016604
8	23	13	18	75.62963 -0.002340
11	23	15	19	126.5029 -0.005549
14	23	17	20	156.3948 -0.006285
17	23	19	21	250.4345 0.064040
20	23	21	22	474.7810 0.405798
3	24	10	17	39.11714 0.0000000
6	24	12	18	64.60087 0.036909
9	24	14	19	83.28966 0.0000000
12	24	16	20	101.0046 -0.005206
15	24	18	21	128.3339 0.0000000
18	24	20	22	247.9773 0.091544
21	24	22	23	654.1133 0.758173
1	25	9	17	29.37448 -0.000436
4	25	11	18	42.68318 0.0000000
7	25	13	19	46.96622 0.017657
10	25	15	20	65.97777 0.032379
13	25	17	21	80.22484 0.033097
16	25	19	22	80.11753 0.054476
19	25	21	23	250.6019 0.319935
22	25	23	24	348.8882 0.338280
2	26	10	18	33.85877 0.008225
5	26	12	19	47.72504 0.026273
8	26	14	20	51.34748 0.019903
11	26	16	21	62.22047 0.016142
14	26	18	22	76.08217 0.018055
17	26	20	23	126.5692 0.028556
20	26	22	24	309.2481 0.294541
23	26	24	25	419.3599 0.328636
3	27	11	19	37.81339 0.009129
6	27	13	20	43.47297 0.021782
9	27	15	21	59.36503 0.017283
12	27	17	22	61.07161 -0.001544
15	27	19	23	86.47288 -0.001828
18	27	21	24	178.3102 0.070372
21	27	23	25	335.7119 0.261055
24	27	25	26	382.9013 0.368706
1	28	10	19	31.66937 0.010886
4	28	12	20	39.48502 -0.000188
7	28	14	21	47.45250 0.0000000
10	28	16	22	54.94644 0.024353
13	28	18	23	79.19396 -0.001811
16	28	20	24	89.51206 0.038160
19	28	22	25	240.0128 0.139849
22	28	24	26	349.0576 0.243830
25	28	26	27	349.2455 0.360278
2	29	11	20	33.25016 0.032241
5	29	13	21	37.77085 0.022105
8	29	15	22	45.24182 0.069873
11	29	17	23	54.14260 0.086716
14	29	19	24	74.31799 0.079877
17	29	21	25	123.1302 0.213629
20	29	23	26	253.7227 0.332868
23	29	25	27	234.9328 0.433745
26	29	27	28	421.5126 0.892894
3	30	12	21	32.82175 0.0000000
6	30	14	22	40.10406 0.022933
9	30	16	23	50.25712 0.029088
12	30	18	24	58.72815 0.021237
15	30	20	25	84.96412 0.035514
18	30	22	26	183.2832 0.095650
21	30	24	27	216.6798 0.112596
24	30	26	28	212.9319 0.202020
27	30	28	29	574.5456 0.592301
1	31	11	21	29.84067 0.012304
4	31	13	22	30.92129 0.0000000
7	31	15	23	42.51344 0.012941
10	31	17	24	49.25274 0.026559
13	31	19	25	74.14798 0.026182
16	31	21	26	105.9671 0.046265
19	31	23	27	177.3782 0.116114
22	31	25	28	182.0977 -0.006966
25	31	27	29	309.8919 0.138609
28	31	29	30	516.4054 0.458636
2	32	12	22	28.08910 0.0000000
5	32	14	23	35.16620 0.018375
8	32	16	24	40.63948 0.013446
11	32	18	25	49.17537 -0.001293
14	32	20	26	77.33341 0.0000000
17	32	22	27	106.9412 -0.010725
20	32	24	28	140.6309 0.0000000
23	32	26	29	141.3717 0.084602
26	32	28	30	286.8745 0.352441
29	32	30	31	314.8194 0.460178
3	4	1	2	-218.6773 0.054929
4	5	1	2	-160.7934 0.0000000
4	5	2	3	-366.5300 0.143485
5	6	1	2	-32.94387 0.013907
5	6	2	3	-48.76422 0.013907
5	6	3	4	-220.6739 0.096350
5	7	1	3	-134.0814 0.0000000
6	7	1	2	-22.16206 0.008761
6	7	2	3	-30.17254 0.012390
6	7	3	4	-112.7097 0.049561
6	7	4	5	-418.4697 0.221645
6	8	2	4	-194.4312 0.102295
7	8	1	2	-10.98558 0.0000000
7	8	2	3	-12.75991 -0.000032
7	8	3	4	-38.74955 0.0000000
7	8	4	5	-121.7559 0.032971
7	8	5	6	-417.5607 0.093256
7	9	1	3	-31.12439 0.007455
7	9	3	5	-195.6213 0.042174
8	9	1	2	-3.632675 -0.000009
8	9	2	3	-3.807422 0.0000000
8	9	3	4	-10.26499 0.002527
8	9	4	5	-25.44714 0.007148
8	9	5	6	-55.02590 0.0000000
8	9	6	7	-65.08233 0.0000000
7	10	1	4	-81.21559 0.023405
8	10	2	4	-14.96646 -0.000349
8	10	4	6	-84.42653 0.0000000
9	10	1	2	-0.293735 0.000160
9	10	2	3	-0.269090 0.000101
9	10	3	4	-0.641590 0.000287
9	10	4	5	-1.513944 0.000407
9	10	5	6	-2.543019 0.000575
9	10	6	7	-2.957210 0.001151
9	10	7	8	-9.387301 0.005151
8	11	2	5	-44.07327 0.016561
9	11	1	3	-1.094108 0.000477
9	11	3	5	-4.113728 0.001558
9	11	5	7	-10.03721 0.005398
10	11	1	2	-0.277407 0.000366
10	11	2	3	-0.253764 0.000360
10	11	3	4	-0.599076 0.000790
10	11	4	5	-1.360233 0.001748
10	11	5	6	-2.212801 0.002935
10	11	6	7	-2.325719 0.002935
10	11	7	8	-5.578700 0.006993
10	11	8	9	-42.78369 0.077305
9	12	3	6	-16.30071 0.004457
10	12	2	4	-2.399874 0.002065
10	12	4	6	-9.925535 0.007322
10	12	6	8	-19.42887 0.015921
11	12	2	3	-0.470638 0.000547
11	12	3	4	-1.077646 0.001044
11	12	4	5	-2.461438 0.002471
11	12	5	6	-3.899518 0.003495
11	12	6	7	-3.979358 0.003236
11	12	7	8	-7.563354 0.007236
11	12	8	9	-35.39529 0.050688
11	12	9	10	-75.19392 0.156767
9	13	1	5	-16.26220 0.0000000
10	13	1	4	-6.330429 0.002119
10	13	4	7	-27.80550 -0.000187
11	13	1	3	-2.414576 0.003079
11	13	3	5	-8.637515 0.010331
11	13	5	7	-16.06917 0.018961
11	13	7	9	-79.73767 0.124341
12	13	3	4	-1.705302 0.001864
12	13	4	5	-3.385399 0.003254
12	13	5	6	-4.376018 0.004149
12	13	6	7	-3.814776 0.003452
12	13	7	8	-7.181866 0.007093
12	13	8	9	-29.61983 0.034446
12	13	9	10	-39.58789 0.048714
12	13	10	11	-126.3111 0.036824
10	14	2	6	-24.76102 0.005394
11	14	2	5	-11.29738 0.0000000
11	14	5	8	-33.02381 0.0000000
12	14	2	4	-3.103674 0.001988
12	14	4	6	-9.313675 0.006073
12	14	6	8	-12.42811 0.008589
12	14	8	10	-77.62105 0.082135
13	14	4	5	-0.784276 0.000791
13	14	5	6	-0.759479 0.000576
13	14	6	7	-0.387469 0.000192
13	14	7	8	-1.041066 0.000859
13	14	8	9	-4.028254 0.003073
13	14	9	10	-4.492450 0.004065
13	14	10	11	-10.18702 0.006146
13	14	11	12	-41.18662 0.030112
11	15	3	7	-31.20515 0.0000000
12	15	3	6	-14.75313 -0.000162
12	15	6	9	-55.49311 0.0000000
13	15	1	3	-0.980875 0.001319
13	15	3	5	-3.217294 0.003879
13	15	5	7	-3.259455 0.003128
13	15	7	9	-13.56124 0.015126
13	15	9	11	-35.54773 0.036725
14	15	5	6	-1.289955 0.001026
14	15	6	7	-0.820756 0.000988
14	15	7	8	-1.835638 0.001977
14	15	8	9	-6.643561 0.006396
14	15	9	10	-6.882281 0.005804
14	15	10	11	-13.91996 0.013164
14	15	11	12	-51.40264 0.048069
14	15	12	13	-468.6042 0.421263
12	16	4	8	-30.91289 0.013883
13	16	1	4	-3.175233 0.001852
13	16	4	7	-7.839637 0.002620
13	16	7	10	-35.95430 0.010480
14	16	2	4	-1.747863 0.001097
14	16	4	6	-4.436788 0.002346
14	16	6	8	-4.713014 0.002623
14	16	8	10	-23.11721 0.006637
14	16	10	12	-105.5964 0.045987
15	16	6	7	-0.649890 0.000369
15	16	7	8	-1.406695 0.001097
15	16	8	9	-4.856642 0.003241
15	16	9	10	-4.694302 0.002646
15	16	10	11	-9.281577 0.008370
15	16	11	12	-30.92159 0.024830
15	16	12	13	-162.6293 0.140463
15	16	13	14	-162.4426 0.073354
13	17	1	5	-7.445373 0.0000000
13	17	5	9	-29.36045 0.009568
14	17	2	5	-5.060918 0.0000000
14	17	5	8	-9.111497 0.0000000
14	17	8	11	-53.92926 0.012883
15	17	1	3	-0.789876 0.0000000
15	17	3	5	-2.448504 0.000692
15	17	5	7	-2.837848 0.000692
15	17	7	9	-9.676175 0.0000000
15	17	9	11	-19.03695 0.005538
15	17	11	13	-234.8180 -0.022155
16	17	7	8	-0.916596 0.001156
16	17	8	9	-2.499608 0.002833
16	17	9	10	-1.917727 0.001966
16	17	10	11	-3.158178 0.003777
16	17	11	12	-9.359886 0.009254
16	17	12	13	-32.06978 0.028937
16	17	13	14	-17.86500 0.014468
16	17	14	15	-50.32498 0.044488
14	18	2	6	-8.886022 0.002458
14	18	6	10	-35.77220 0.013907
15	18	3	6	-4.898387 -0.000014
15	18	6	9	-12.40080 0.003700
15	18	9	12	-62.93982 0.0000000
16	18	2	4	-0.755821 0.000903
16	18	4	6	-1.942410 0.002129
16	18	6	8	-2.122735 0.002171
16	18	8	10	-5.836406 0.005901
16	18	10	12	-15.59985 0.017036
16	18	12	14	-59.76744 0.069496
17	18	8	9	-0.874034 0.001350
17	18	9	10	-0.538493 0.000874
17	18	10	11	-0.805612 0.001456
17	18	11	12	-2.253519 0.003871
17	18	12	13	-6.637150 0.011234
17	18	13	14	-3.068540 0.005617
17	18	14	15	-7.254637 0.014099
17	18	15	16	-11.95427 0.022186
15	19	3	7	-7.326331 -0.000013
15	19	7	11	-33.70933 0.013651
16	19	1	4	-1.321701 0.001376
16	19	4	7	-3.561128 0.003502
16	19	7	10	-8.765033 0.007969
16	19	10	13	-63.24719 0.045081
17	19	1	3	-0.313473 0.000449
17	19	3	5	-0.926531 0.001271
17	19	5	7	-1.110801 0.001446
17	19	7	9	-2.397858 0.003146
17	19	9	11	-2.582416 0.003597
17	19	11	13	-17.06356 0.021515
17	19	13	15	-19.85386 0.027035
18	19	9	10	-0.490819 0.000513
18	19	10	11	-0.744702 0.000890
18	19	11	12	-2.049887 0.002240
18	19	12	13	-6.101785 0.006336
18	19	13	14	-2.847777 0.002517
18	19	14	15	-6.658283 0.006336
18	19	15	16	-7.820239 0.005814
18	19	16	17	-110.4437 0.073550
16	20	4	8	-5.996450 0.002853
16	20	8	12	-26.95397 0.009319
17	20	2	5	-1.415297 0.001150
17	20	5	8	-2.438481 0.001907
17	20	8	11	-5.102613 0.004602
17	20	11	14	-27.61054 0.022545
18	20	2	4	-0.382995 0.000544
18	20	4	6	-0.953195 0.001184
18	20	6	8	-0.974701 0.000985
18	20	8	10	-1.867653 0.002179
18	20	10	12	-3.649069 0.005003
18	20	12	14	-12.98381 0.014394
18	20	14	16	-20.70446 0.023505
19	20	10	11	-0.267551 0.000379
19	20	11	12	-0.583955 0.000841
19	20	12	13	-2.551925 0.002823
19	20	13	14	-1.465535 0.001411
19	20	14	15	-2.985938 0.003239
19	20	15	16	-3.187435 0.003303
19	20	16	17	-32.16839 0.040146
19	20	17	18	-150.6878 0.117274
17	21	1	5	-2.134487 0.001542
17	21	5	9	-5.637061 0.003650
17	21	9	13	-27.88771 0.019118
18	21	3	6	-1.819182 0.001549
18	21	6	9	-3.067856 0.002050
18	21	9	12	-6.403218 0.005368
18	21	12	15	-27.75595 0.016402
19	21	1	3	-0.229998 0.000351
19	21	3	5	-0.663370 0.000943
19	21	5	7	-0.760904 0.000994
19	21	7	9	-1.366785 0.001815
19	21	9	11	-1.229587 0.001702
19	21	11	13	-6.985717 0.008951
19	21	13	15	-7.014391 0.008951
19	21	15	17	-55.32312 0.082145
20	21	11	12	-1.294124 0.001849
20	21	12	13	-2.544749 0.002705
20	21	13	14	-0.742701 0.000488
20	21	14	15	-1.823628 0.001692
20	21	15	16	-1.945255 0.001692
20	21	16	17	-18.04339 0.022563
20	21	17	18	-62.09392 0.062529
20	21	18	19	-178.1173 0.088430
18	22	2	6	-2.546708 0.0000000
18	22	6	10	-5.039883 0.0000000
18	22	10	14	-25.26377 -0.000233
19	22	1	4	-0.685472 0.000599
19	22	4	7	-1.727706 0.001238
19	22	7	10	-2.691402 0.001958
19	22	10	13	-10.86684 0.007430
19	22	13	16	-14.84247 0.007832
20	22	2	4	-0.356982 0.000319
20	22	4	6	-0.853313 0.000690
20	22	6	8	-0.804711 0.000639
20	22	8	10	-1.392910 0.001166
20	22	10	12	-3.107964 0.003130
20	22	12	14	-5.516813 0.003904
20	22	14	16	-6.046908 0.003615
20	22	16	18	-117.2530 0.110760
21	22	12	13	-1.792675 0.001879
21	22	13	14	-0.432728 0.000412
21	22	14	15	-1.106764 0.001136
21	22	15	16	-1.171596 0.001105
21	22	16	17	-9.804220 0.010632
21	22	17	18	-27.18897 0.027663
21	22	18	19	-56.55562 0.023591
21	22	19	20	-171.6869 0.156487
19	23	3	7	-3.013432 0.001343
19	23	7	11	-5.259562 0.002686
19	23	11	15	-23.74400 0.008773
20	23	2	5	-1.312266 0.000861
20	23	5	8	-2.010836 0.001054
20	23	8	11	-3.393207 0.002278
20	23	11	14	-11.76041 0.005966
20	23	14	17	-46.85560 0.023864
21	23	3	5	-0.754045 0.000842
21	23	5	7	-0.833919 0.000922
21	23	7	9	-1.401455 0.001468
21	23	9	11	-1.259624 0.001429
21	23	11	13	-6.090656 0.006319
21	23	13	15	-3.641725 0.003435
21	23	15	17	-22.45544 0.022866
21	23	17	19	-145.7740 0.143005
22	23	13	14	-0.642799 0.000357
22	23	14	15	-1.458083 0.001011
22	23	15	16	-1.433227 0.000923
22	23	16	17	-10.04416 0.007385
22	23	17	18	-23.21162 0.016180
22	23	18	19	-38.74844 0.016180
22	23	19	20	-79.88889 0.032360
22	23	20	21	-291.6488 0.105690
20	24	4	8	-3.623680 0.001093
20	24	8	12	-8.519665 0.003786
20	24	12	16	-21.44207 0.006183
21	24	3	6	-1.800161 0.001352
21	24	6	9	-2.615668 0.002298
21	24	9	12	-4.684316 0.003824
21	24	12	15	-10.77321 0.007649
21	24	15	18	-92.95463 0.076321
22	24	4	6	-1.008289 0.000489
22	24	6	8	-0.956352 0.000800
22	24	8	10	-1.398698 0.000979
22	24	10	12	-2.616223 0.001876
22	24	12	14	-4.916490 0.003200
22	24	14	16	-4.955977 0.003200
22	24	16	18	-52.33702 0.036207
22	24	18	20	-169.0203 0.095794
23	24	14	15	-1.056505 0.000436
23	24	15	16	-1.006036 0.000563
23	24	16	17	-6.205862 0.004032
23	24	17	18	-12.83652 0.007543
23	24	18	19	-18.90996 0.004032
23	24	19	20	-31.42399 0.018032
23	24	20	21	-74.92463 0.027935
23	24	21	22	-136.5266 0.032256
21	25	1	5	-1.893577 0.001230
21	25	5	9	-4.051776 0.002789
21	25	9	13	-12.16845 0.008723
21	25	13	17	-39.94243 0.023525
22	25	1	4	-0.776537 0.000311
22	25	4	7	-1.900545 0.000881
22	25	7	10	-2.542607 0.000623
22	25	10	13	-8.165160 0.003054
22	25	13	16	-7.692442 0.001763
22	25	16	19	-129.3291 -0.003526
23	25	5	7	-0.708971 0.000451
23	25	7	9	-1.106387 0.000807
23	25	9	11	-0.853547 0.000570
23	25	11	13	-3.961221 0.003019
23	25	13	15	-2.527098 0.001712
23	25	15	17	-11.30341 0.008541
23	25	17	19	-47.64981 0.022366
23	25	19	21	-149.6596 0.109573
24	25	15	16	-0.623442 0.000592
24	25	16	17	-3.460492 0.003447
24	25	17	18	-6.648864 0.006699
24	25	18	19	-9.216033 0.007267
24	25	19	20	-13.93001 0.013788
24	25	20	21	-29.23298 0.027576
24	25	21	22	-45.15307 0.046870
24	25	22	23	-151.4151 0.142403
22	26	2	6	-2.228820 -0.000001
22	26	6	10	-3.508014 -0.000003
22	26	10	14	-10.54234 0.002445
22	26	14	18	-71.70839 -0.001728
23	26	2	5	-0.955834 0.000520
23	26	5	8	-1.427079 0.000822
23	26	8	11	-1.855571 0.001040
23	26	11	14	-5.601412 0.002942
23	26	14	17	-14.53031 0.009305
23	26	17	20	-98.99541 0.066587
24	26	6	8	-0.509893 0.000303
24	26	8	10	-0.646955 0.000331
24	26	10	12	-1.055714 0.000663
24	26	12	14	-1.952117 0.001084
24	26	14	16	-1.821048 0.000938
24	26	16	18	-12.59231 0.008113
24	26	18	20	-27.55375 0.013714
24	26	20	22	-85.50292 0.049066
25	26	16	17	-0.971713 0.000890
25	26	17	18	-1.507259 0.001353
25	26	18	19	-1.919941 0.001482
25	26	19	20	-2.479796 0.001976
25	26	20	21	-4.690095 0.003125
25	26	21	22	-6.419669 0.005590
25	26	22	23	-16.49001 0.013694
25	26	23	24	-24.36057 0.021652
23	27	3	7	-1.951713 -0.000001
23	27	7	11	-2.661182 0.0000000
23	27	11	15	-8.308476 -0.000024
23	27	15	19	-66.24378 0.0000000
24	27	3	6	-0.894810 0.000250
24	27	6	9	-1.171285 0.000250
24	27	9	12	-1.522433 0.000353
24	27	12	15	-3.446638 0.001000
24	27	15	18	-15.03215 -0.000088
24	27	18	21	-66.24620 -0.001415
25	27	7	9	-0.433709 0.000429
25	27	9	11	-0.267039 0.000287
25	27	11	13	-1.149634 0.001051
25	27	13	15	-0.667267 0.000575
25	27	15	17	-1.949864 0.001880
25	27	17	19	-5.320885 0.003760
25	27	19	21	-10.89339 0.006865
25	27	21	23	-34.24271 0.026052
26	27	17	18	-0.844266 0.000942
26	27	18	19	-1.048265 0.001022
26	27	19	20	-1.290671 0.001252
26	27	20	21	-2.430847 0.002332
26	27	21	22	-3.355851 0.003658
26	27	22	23	-7.978374 0.008383
26	27	23	24	-10.42589 0.010976
26	27	24	25	-65.90382 0.048540
24	28	4	8	-1.647736 -0.000001
24	28	8	12	-2.470584 -0.000002
24	28	12	16	-5.265013 0.0000000
24	28	16	20	-47.49920 0.010769
25	28	1	4	-0.309431 0.000232
25	28	4	7	-0.727666 0.000402
25	28	7	10	-0.800741 0.000232
25	28	10	13	-1.874759 0.000930
25	28	13	16	-1.534517 0.000735
25	28	16	19	-9.298224 0.004557
25	28	19	22	-27.16727 0.007442
26	28	8	10	-0.313256 0.000307
26	28	10	12	-0.454838 0.000528
26	28	12	14	-0.802657 0.000799
26	28	14	16	-0.689580 0.000720
26	28	16	18	-2.837046 0.002768
26	28	18	20	-4.537897 0.004075
26	28	20	22	-11.10965 0.010602
26	28	22	24	-33.61548 0.032601
27	28	18	19	-1.011766 0.000717
27	28	19	20	-1.178651 0.000956
27	28	20	21	-2.195351 0.001512
27	28	21	22	-3.101748 0.002342
27	28	22	23	-6.849054 0.005410
27	28	23	24	-8.290863 0.006344
27	28	24	25	-36.96196 0.0000000
27	28	25	26	-156.5127 0.136871
25	29	1	5	-0.781550 0.000985
25	29	5	9	-1.461363 0.001665
25	29	9	13	-2.681616 0.003274
25	29	13	17	-4.687392 0.005704
25	29	17	21	-26.45453 0.030765
26	29	2	5	-0.467380 0.000723
26	29	5	8	-0.671120 0.000938
26	29	8	11	-0.691244 0.000995
26	29	11	14	-1.742179 0.002527
26	29	14	17	-2.773288 0.004198
26	29	17	20	-9.238171 0.013539
26	29	20	23	-35.26224 0.054675
27	29	9	11	-0.247072 0.000447
27	29	11	13	-1.017462 0.001819
27	29	13	15	-0.571471 0.001004
27	29	15	17	-1.497611 0.002658
27	29	17	19	-3.641432 0.006494
27	29	19	21	-6.603377 0.011524
27	29	21	23	-17.23957 0.031016
27	29	23	25	-73.29136 0.077285
28	29	19	20	-1.216662 0.002236
28	29	20	21	-1.997668 0.003507
28	29	21	22	-2.189489 0.003652
28	29	22	23	-5.075978 0.009131
28	29	23	24	-5.927500 0.010570
28	29	24	25	-21.76177 0.028760
28	29	25	26	-80.04263 0.143153
28	29	26	27	-159.9906 0.267815
26	30	2	6	-0.911992 0.000350
26	30	6	10	-1.201765 0.000286
26	30	10	14	-2.494060 0.000572
26	30	14	18	-6.576153 0.002290
26	30	18	22	-26.32989 0.0000000
27	30	3	6	-0.642404 0.000638
27	30	6	9	-0.783426 0.000547
27	30	9	12	-0.844191 0.000746
27	30	12	15	-1.736753 0.001373
27	30	15	18	-4.297705 0.003514
27	30	18	21	-11.52477 0.008766
27	30	21	24	-39.43827 0.033791
28	30	10	12	-0.453068 0.000454
28	30	12	14	-0.780969 0.000721
28	30	14	16	-0.649360 0.000675
28	30	16	18	-2.392420 0.002356
28	30	18	20	-3.773642 0.003535
28	30	20	22	-6.889117 0.005773
28	30	22	24	-17.59361 0.016328
28	30	24	26	-144.3521 0.119249
29	30	20	21	-1.346738 0.002109
29	30	21	22	-1.357594 0.002078
29	30	22	23	-3.081086 0.004939
29	30	23	24	-3.518436 0.005522
29	30	24	25	-10.29528 0.014259
29	30	25	26	-32.17411 0.052277
29	30	26	27	-39.90169 0.055887
29	30	27	28	-97.17390 0.164527
27	31	3	7	-0.992168 0.000395
27	31	7	11	-1.102149 0.000395
27	31	11	15	-2.610509 0.000559
27	31	15	19	-8.069838 0.002239
27	31	19	23	-34.14827 0.015518
28	31	1	4	-0.248759 0.000200
28	31	4	7	-0.581758 0.000491
28	31	7	10	-0.614061 0.000511
28	31	10	13	-1.339029 0.001170
28	31	13	16	-1.037090 0.000851
28	31	16	19	-5.064459 0.004398
28	31	19	22	-10.94977 0.008499
28	31	22	25	-58.33809 0.018172
29	31	11	13	-0.657690 0.001163
29	31	13	15	-0.362170 0.000693
29	31	15	17	-0.889027 0.001659
29	31	17	19	-2.037529 0.003645
29	31	19	21	-3.447850 0.006162
29	31	21	23	-6.848629 0.012808
29	31	23	25	-20.82767 0.034509
29	31	25	27	-106.0164 0.174161
30	31	21	22	-0.738906 0.000644
30	31	22	23	-1.667374 0.001487
30	31	23	24	-1.869600 0.001663
30	31	24	25	-5.133639 0.004207
30	31	25	26	-15.52187 0.013955
30	31	26	27	-18.25088 0.015171
30	31	27	28	-36.62512 0.046095
30	31	28	29	-155.2399 0.033663
28	32	4	8	-1.038591 0.000596
28	32	8	12	-1.283755 0.000652
28	32	12	16	-2.353253 0.001410
28	32	16	20	-9.686085 0.006742
28	32	20	24	-36.39432 0.019072
29	32	2	5	-0.354048 0.000582
29	32	5	8	-0.507445 0.000878
29	32	8	11	-0.499597 0.000878
29	32	11	14	-1.211760 0.002037
29	32	14	17	-1.731695 0.003094
29	32	17	20	-5.082665 0.009040
29	32	20	23	-13.31089 0.023048
29	32	23	26	-95.06070 0.164393
30	32	12	14	-0.505266 0.000490
30	32	14	16	-0.416436 0.000502
30	32	16	18	-1.408138 0.001641
30	32	18	20	-2.100726 0.002320
30	32	20	22	-3.564937 0.004020
30	32	22	24	-8.344115 0.009609
30	32	24	26	-44.61575 0.052518
30	32	26	28	-104.0359 0.179749
31	32	22	23	-2.276865 0.002699
31	32	23	24	-2.522295 0.002941
31	32	24	25	-6.304065 0.007871
31	32	25	26	-17.60661 0.023535
31	32	26	27	-17.44739 0.027532
31	32	27	28	-31.67621 0.073242
31	32	28	29	-101.4430 -0.002699
31	32	29	30	-250.4307 0.172784
2	3	1	4	534.0549 0.141628
3	4	2	5	678.6778 0.173839
3	5	1	7	359.9565 0.096567
4	5	3	6	1181.334 0.0000000
4	6	2	8	404.6282 -0.012123
5	6	4	7	830.7600 0.222879
4	7	1	10	158.9895 0.098969
5	7	3	9	216.4116 0.0000000
6	7	5	8	687.0841 0.596782
5	8	2	11	176.2324 0.0000000
6	8	4	10	304.7108 0.106072
7	8	6	9	654.1667 0.0000000
5	9	1	13	110.4866 -0.003292
6	9	3	12	202.2447 0.112909
7	9	5	11	360.6359 0.0000000
8	9	7	10	302.1081 0.132307
6	10	2	14	127.8866 0.071941
7	10	4	13	157.7430 0.0000000
8	10	6	12	225.6299 0.090101
9	10	8	11	152.2969 0.265792
6	11	1	16	71.83360 0.032813
7	11	3	15	102.1496 -0.002897
8	11	5	14	125.6929 0.064600
9	11	7	13	79.89714 0.061446
10	11	9	12	226.9062 0.366734
7	12	2	17	70.78788 0.0000000
8	12	4	16	76.48280 0.016417
9	12	6	15	101.4842 0.056964
10	12	8	14	170.3948 0.238129
11	12	10	13	276.5412 0.0000000
7	13	1	19	64.64543 -0.001681
8	13	3	18	68.51566 0.041425
9	13	5	17	71.43852 0.063080
10	13	7	16	130.8939 0.208850
11	13	9	15	388.7998 0.698421
12	13	11	14	917.5276 0.821856
8	14	2	20	53.29448 -0.002258
9	14	4	19	49.80972 0.015412
10	14	6	18	76.45307 0.028246
11	14	8	17	102.9465 0.106187
12	14	10	16	198.1145 0.255632
13	14	12	15	254.7666 0.281653
8	15	1	22	44.17147 0.0000000
9	15	3	21	42.98543 0.021931
10	15	5	20	60.50215 0.036070
11	15	7	19	81.34779 0.064229
12	15	9	18	125.3508 0.082154
13	15	11	17	94.72127 0.119026
14	15	13	16	635.2375 0.825030
9	16	2	23	34.60463 0.008876
10	16	4	22	46.63249 0.023589
11	16	6	21	68.23118 0.037838
12	16	8	20	76.38983 0.045223
13	16	10	19	77.60011 0.126691
14	16	12	18	179.4899 0.171879
15	16	14	17	412.1895 0.465356
9	17	1	25	29.42045 -0.000447
10	17	3	24	39.13801 0.017837
11	17	5	23	61.94465 0.019034
12	17	7	22	81.88245 0.024220
13	17	9	21	91.09952 0.090731
14	17	11	20	141.5767 0.064999
15	17	13	19	370.4515 0.330426
16	17	15	18	318.3769 0.469800
10	18	2	26	33.92055 0.0000000
11	18	4	25	42.69395 0.018146
12	18	6	24	64.73655 0.026063
13	18	8	23	75.83725 0.046491
14	18	10	22	134.6111 0.039746
15	18	12	21	201.9509 0.110524
16	18	14	20	282.0544 0.456745
17	18	16	19	335.7359 0.474469
10	19	1	28	31.62097 0.016181
11	19	3	27	37.68140 0.012616
12	19	5	26	47.68712 0.021570
13	19	7	25	46.84204 0.017180
14	19	9	24	83.03154 0.018870
15	19	11	23	126.0264 0.047212
16	19	13	22	227.1251 0.306514
17	19	15	21	248.0310 0.333137
18	19	17	20	436.0594 0.400232
11	20	2	29	33.22025 0.010063
12	20	4	28	39.53794 0.011321
13	20	6	27	43.47264 0.021606
14	20	8	26	51.49669 0.017052
15	20	10	25	66.27397 0.043706
16	20	12	24	101.1157 0.129042
17	20	14	23	157.2530 0.214937
18	20	16	22	253.7972 0.275215
19	20	18	21	510.2874 0.762445
11	21	1	31	29.81196 0.018523
12	21	3	30	32.86992 0.026086
13	21	5	29	37.78679 0.031766
14	21	7	28	47.62174 0.036656
15	21	9	27	59.66173 0.055460
16	21	11	26	62.68064 0.084022
17	21	13	25	80.88973 0.133959
18	21	15	24	129.1041 0.201645
19	21	17	23	253.9804 0.365883
20	21	19	22	687.2886 0.411028
12	22	2	32	28.05500 0.0000000
13	22	4	31	30.86741 0.012397
14	22	6	30	40.13626 0.0000000
15	22	8	29	45.34948 0.010606
16	22	10	28	55.28036 0.031039
17	22	12	27	61.27290 0.041008
18	22	14	26	76.87548 0.043196
19	22	16	25	81.14277 0.111526
20	22	18	24	249.6076 0.279906
21	22	20	23	477.0938 0.470732
14	23	5	32	35.02019 0.0000000
15	23	7	31	42.40640 0.0000000
16	23	9	30	50.26446 0.0000000
17	23	11	29	54.15808 0.0000000
18	23	13	28	79.56127 -0.001646
19	23	15	27	86.91057 0.074616
20	23	17	26	127.2740 0.119350
21	23	19	25	252.4832 0.264471
22	23	21	24	652.8051 0.394301
16	24	8	32	40.49438 0.0000000
17	24	10	31	49.12110 0.0000000
18	24	12	30	58.70670 0.016096
19	24	14	29	74.68180 0.077437
20	24	16	28	90.20252 0.075345
21	24	18	27	178.3669 0.248271
22	24	20	26	310.1892 0.306982
23	24	22	25	352.8647 0.263737
18	25	11	32	48.97532 0.0000000
19	25	13	31	74.25671 0.074534
20	25	15	30	85.40158 0.060052
21	25	17	29	123.6157 0.134769
22	25	19	28	242.3704 0.197351
23	25	21	27	339.4181 0.307256
24	25	23	26	422.2196 0.639729
20	26	14	32	76.85253 -0.001831
21	26	16	31	105.4824 0.067629
22	26	18	30	183.2272 0.087819
23	26	20	29	254.8409 0.203341
24	26	22	28	351.1732 0.304389
25	26	24	27	381.2422 0.563010
22	27	17	32	105.8492 0.029315
23	27	19	31	177.6245 0.075013
24	27	21	30	217.9482 0.0000000
25	27	23	29	235.8118 0.230711
26	27	25	28	353.9975 0.431535
24	28	20	32	139.6725 0.128054
25	28	22	31	181.0350 0.062489
26	28	24	30	212.3581 0.163657
27	28	26	29	417.2513 0.286985
26	29	23	32	140.7967 0.140907
27	29	25	31	310.8557 0.472809
28	29	27	30	583.1015 0.700411
28	30	26	32	290.0415 0.293717
29	30	28	31	519.3789 0.682206
30	31	29	32	317.8509 0.162188