32#	Number	of	sensors
#x	z			
0	0.06			
0.1	0.15			
0.15	0.2			
0.24	0.22			
0.36	0.22			
0.43	0.19			
0.51	0.13			
0.57	0.04			
0.74	0.04			
0.82	0.12			
0.93	0.19			
1	0.23			
1.1	0.22			
1.19	0.17			
1.24	0.11			
1.33	0.02			
1.5	0.02			
1.56	0.11			
1.63	0.15			
1.68	0.2			
1.85	0.21			
1.93	0.15			
2	0.1			
2.08	0.04			
2.22	0.05			
2.33	0.12			
2.39	0.2			
2.46	0.25			
2.59	0.26			
2.66	0.2			
2.72	0.13			
2.79	0.04			
1342#	Number	of	data					
#a	b	m	n	R	err			
1	2	3	4	-219.3351 0.056925
1	2	4	5	-169.0043 0.090006
1	2	5	6	-34.49818 0.014231
1	2	6	7	-22.37953 0.014231
1	2	7	8	-10.78700 0.003557
1	2	8	9	-3.860634 0.001988
1	2	9	10	-0.329917 0.000157
1	2	10	11	-0.271451 0.000078
1	3	5	7	-139.9174 0.055634
1	3	7	9	-31.33543 -0.000307
1	3	9	11	-1.161913 0.000307
1	3	11	13	-2.390335 0.000614
1	3	13	15	-0.937629 0.000217
1	3	15	17	-0.771389 0.000217
1	3	17	19	-0.291074 0.000076
1	3	19	21	-0.229019 0.000054
2	3	4	5	-395.0151 0.0000000
2	3	5	6	-52.23517 0.0000000
2	3	6	7	-30.94678 -0.000269
2	3	7	8	-12.62810 -0.000067
2	3	8	9	-4.068031 0.001077
2	3	9	10	-0.307108 0.000116
2	3	10	11	-0.253144 0.000095
2	3	11	12	-0.460313 0.0000000
1	4	7	10	-80.76566 -0.001229
1	4	10	13	-6.291517 0.001739
1	4	13	16	-2.975883 0.0000000
1	4	16	19	-1.294736 0.0000000
1	4	19	22	-0.671009 -0.000000
1	4	22	25	-0.731670 0.0000000
1	4	25	28	-0.289905 0.0000000
1	4	28	31	-0.241355 0.000133
2	4	6	8	-191.1140 -0.005175
2	4	8	10	-15.89204 -0.000080
2	4	10	12	-2.375923 0.0000000
2	4	12	14	-3.081513 -0.000002
2	4	14	16	-1.618838 0.0000000
2	4	16	18	-0.752839 -0.000000
2	4	18	20	-0.364513 -0.000000
2	4	20	22	-0.341466 0.000080
3	4	5	6	-225.2021 0.098526
3	4	6	7	-110.3061 0.028442
3	4	7	8	-37.28192 0.022485
3	4	8	9	-10.77279 0.003555
3	4	9	10	-0.740687 0.000157
3	4	10	11	-0.597160 0.000222
3	4	11	12	-1.065122 0.0000000
3	4	12	13	-1.711168 0.000444
1	5	9	13	-16.91999 0.0000000
1	5	13	17	-7.300718 0.002457
1	5	17	21	-2.085938 -0.000001
1	5	21	25	-1.817775 -0.000000
1	5	25	29	-0.753486 0.0000000
2	5	8	11	-48.13149 0.011376
2	5	11	14	-11.44303 0.0000000
2	5	14	17	-4.972195 0.0000000
2	5	17	20	-1.368958 -0.000000
2	5	20	23	-1.273066 0.000355
2	5	23	26	-0.933655 0.0000000
2	5	26	29	-0.455351 0.000125
2	5	29	32	-0.339550 0.000088
3	5	7	9	-197.8675 0.235611
3	5	9	11	-4.546350 0.001569
3	5	11	13	-8.825221 0.003139
3	5	13	15	-3.139661 0.001569
3	5	15	17	-2.442158 0.001241
3	5	17	19	-0.880667 0.000438
3	5	19	21	-0.683880 0.000339
3	5	21	23	-0.714502 0.000277
4	5	6	7	-435.2683 0.103317
4	5	7	8	-122.0254 0.121150
4	5	8	9	-28.18414 0.0000000
4	5	9	10	-1.803957 -0.000000
4	5	10	11	-1.406458 0.000570
4	5	11	12	-2.502166 0.0000000
4	5	12	13	-3.542632 0.001398
4	5	13	14	-0.786946 0.000201
2	6	10	14	-25.24272 0.0000000
2	6	14	18	-8.822511 0.0000000
2	6	18	22	-2.522284 0.000620
2	6	22	26	-2.157484 0.0000000
2	6	26	30	-0.892410 0.0000000
3	6	9	12	-17.36204 0.0000000
3	6	12	15	-15.03267 -0.000020
3	6	15	18	-4.910918 0.001289
3	6	18	21	-1.819325 -0.000000
3	6	21	24	-1.737485 -0.000000
3	6	24	27	-0.881033 -0.000000
3	6	27	30	-0.625994 -0.000000
4	6	8	10	-93.21781 0.051335
4	6	10	12	-10.12028 0.002268
4	6	12	14	-9.658951 0.002268
4	6	14	16	-4.412506 0.001604
4	6	16	18	-2.033568 0.000802
4	6	18	20	-0.950687 0.000283
4	6	20	22	-0.862606 0.0000000
4	6	22	24	-0.981201 0.0000000
5	6	7	8	-406.2640 0.688771
5	6	8	9	-60.23190 0.035647
5	6	9	10	-3.035620 0.000643
5	6	10	11	-2.282737 0.001113
5	6	11	12	-3.934220 0.001819
5	6	12	13	-4.551418 0.001286
5	6	13	14	-0.780272 0.000393
5	6	14	15	-1.305105 0.000454
3	7	11	15	-31.46317 -0.000386
3	7	15	19	-7.330919 0.0000000
3	7	19	23	-2.996480 0.000773
3	7	23	27	-1.927751 0.0000000
3	7	27	31	-0.980852 0.000273
4	7	10	13	-28.18688 0.0000000
4	7	13	16	-7.910119 0.001957
4	7	16	19	-3.651019 0.0000000
4	7	19	22	-1.768217 0.0000000
4	7	22	25	-1.861309 -0.000000
4	7	25	28	-0.708763 0.000172
4	7	28	31	-0.592478 0.0000000
5	7	9	11	-10.98638 0.009147
5	7	11	13	-16.14080 0.009554
5	7	13	15	-3.361015 0.001688
5	7	15	17	-2.935909 0.002068
5	7	17	19	-1.072408 0.000644
5	7	19	21	-0.793970 0.000456
5	7	21	23	-0.801847 0.000545
5	7	23	25	-0.706301 0.000456
6	7	8	9	-70.66237 0.076919
6	7	9	10	-3.341933 0.002918
6	7	10	11	-2.317159 0.002339
6	7	11	12	-3.835240 0.003820
6	7	12	13	-3.808001 0.003657
6	7	13	14	-0.425644 0.000217
6	7	14	15	-0.844217 0.000584
6	7	15	16	-0.656072 0.000616
4	8	12	16	-32.25228 0.0000000
4	8	16	20	-6.235207 -0.000005
4	8	20	24	-3.614266 0.0000000
4	8	24	28	-1.624264 0.0000000
4	8	28	32	-1.034847 0.0000000
5	8	11	14	-34.25435 -0.000238
5	8	14	17	-9.592868 -0.000059
5	8	17	20	-2.427584 0.0000000
5	8	20	23	-2.005653 0.000477
5	8	23	26	-1.424102 0.000337
5	8	26	29	-0.666817 0.000168
5	8	29	32	-0.498033 0.000168
6	8	10	12	-19.99959 0.017965
6	8	12	14	-13.20316 0.012241
6	8	14	16	-4.968917 0.004949
6	8	16	18	-2.271279 0.002324
6	8	18	20	-0.980305 0.000300
6	8	20	22	-0.824432 0.000367
6	8	22	24	-0.936836 0.000300
6	8	24	26	-0.507237 0.000259
7	8	9	10	-11.06108 0.011620
7	8	10	11	-5.923749 0.003603
7	8	11	12	-7.946187 0.004557
7	8	12	13	-7.817624 0.005095
7	8	13	14	-1.167469 0.000636
7	8	14	15	-1.992843 0.000986
7	8	15	16	-1.483452 0.000986
7	8	16	17	-1.032834 0.000636
5	9	13	17	-30.34038 0.0000000
5	9	17	21	-5.712386 0.0000000
5	9	21	25	-4.031634 0.0000000
5	9	25	29	-1.462592 0.0000000
6	9	12	15	-56.91514 0.050839
6	9	15	18	-12.80241 0.011456
6	9	18	21	-3.158178 0.002512
6	9	21	24	-2.601027 0.002246
6	9	24	27	-1.182358 0.001012
6	9	27	30	-0.794770 0.000595
7	9	11	13	-80.92880 -0.004105
7	9	13	15	-14.00552 0.004105
7	9	15	17	-10.05011 -0.000064
7	9	17	19	-2.370603 0.0000000
7	9	19	21	-1.477005 -0.000001
7	9	21	23	-1.390147 -0.000001
7	9	23	25	-1.131646 0.0000000
7	9	25	27	-0.439638 -0.000000
8	9	10	11	-44.18090 0.074666
8	9	11	12	-35.17022 0.035868
8	9	12	13	-30.04263 0.031914
8	9	13	14	-4.138956 0.003882
8	9	14	15	-6.715075 0.006070
8	9	15	16	-4.796482 0.006070
8	9	16	17	-2.736543 0.002745
8	9	17	18	-0.868312 0.000915
6	10	14	18	-36.95322 0.033934
6	10	18	22	-5.181607 0.003327
6	10	22	26	-3.506936 0.002352
6	10	26	30	-1.222485 0.000778
7	10	13	16	-36.84237 0.016005
7	10	16	19	-9.303668 0.002310
7	10	19	22	-2.859893 0.001155
7	10	22	25	-2.557538 0.0000000
7	10	25	28	-0.799734 0.000353
7	10	28	31	-0.638843 0.000322
8	10	12	14	-79.72754 0.0000000
8	10	14	16	-23.38530 0.006631
8	10	16	18	-6.284558 0.002344
8	10	18	20	-1.911985 0.000717
8	10	20	22	-1.463752 0.000586
8	10	22	24	-1.405783 0.000414
8	10	24	26	-0.657893 0.000207
8	10	26	28	-0.314571 0.000073
9	10	11	12	-77.28588 0.098500
9	10	12	13	-40.79955 0.058092
9	10	13	14	-4.688239 0.006156
9	10	14	15	-7.108747 0.010269
9	10	15	16	-4.754124 0.007374
9	10	16	17	-2.140913 0.003272
9	10	17	18	-0.537902 0.000878
9	10	18	19	-0.486527 0.000735
7	11	15	19	-34.80369 -0.000407
7	11	19	23	-5.476753 0.001629
7	11	23	27	-2.704739 0.000997
7	11	27	31	-1.116022 0.000576
8	11	14	17	-55.80404 0.0000000
8	11	17	20	-5.138786 0.001812
8	11	20	23	-3.494291 0.000906
8	11	23	26	-1.888409 0.000784
8	11	26	29	-0.699886 0.000160
8	11	29	32	-0.498162 -0.000000
9	11	13	15	-37.18260 0.018743
9	11	15	17	-19.86141 0.018743
9	11	17	19	-2.549356 0.002438
9	11	19	21	-1.354012 0.001069
9	11	21	23	-1.256270 0.001171
9	11	23	25	-0.866494 0.000756
9	11	25	27	-0.267160 0.000231
9	11	27	29	-0.243311 0.000189
10	11	12	13	-137.4264 0.154033
10	11	13	14	-10.81223 0.010643
10	11	14	15	-14.64280 0.013987
10	11	15	16	-9.486139 0.013614
10	11	16	17	-3.521940 0.005010
10	11	17	18	-0.795306 0.001203
10	11	18	19	-0.732315 0.001022
10	11	19	20	-0.296511 0.000324
8	12	16	20	-28.25871 -0.000394
8	12	20	24	-8.643250 0.003155
8	12	24	28	-2.429118 0.000557
8	12	28	32	-1.268368 0.000394
9	12	15	18	-63.73690 0.026947
9	12	18	21	-6.501377 -0.000018
9	12	21	24	-4.612034 -0.000009
9	12	24	27	-1.490682 0.0000000
9	12	27	30	-0.818053 -0.000000
10	12	14	16	-105.9664 0.107156
10	12	16	18	-16.47480 0.025502
10	12	18	20	-3.581391 0.003551
10	12	20	22	-3.221784 0.003926
10	12	22	24	-2.550341 0.002959
10	12	24	26	-1.023671 0.001255
10	12	26	28	-0.432295 0.000479
10	12	28	30	-0.445708 0.000443
11	12	13	14	-41.65963 0.0000000
11	12	14	15	-51.57092 0.029868
11	12	15	16	-30.43438 0.026923
11	12	16	17	-10.03098 0.011200
11	12	17	18	-2.146479 0.001980
11	12	18	19	-1.924978 0.001475
11	12	19	20	-0.628138 0.000285
11	12	20	21	-1.375784 0.000990
9	13	17	21	-29.37434 0.006787
9	13	21	25	-12.44817 0.004799
9	13	25	29	-2.695836 0.000848
10	13	16	19	-70.00888 0.151087
10	13	19	22	-12.03603 0.008177
10	13	22	25	-8.332916 0.006245
10	13	25	28	-1.868885 0.001251
10	13	28	31	-1.374181 0.000885
11	13	15	17	-251.5042 0.506002
11	13	17	19	-17.46608 0.024449
11	13	19	21	-7.986985 0.010029
11	13	21	23	-6.219281 0.008644
11	13	23	25	-4.098969 0.005493
11	13	25	27	-1.168519 0.001585
11	13	27	29	-1.017790 0.001405
11	13	29	31	-0.671714 0.000764
12	13	14	15	-509.4026 0.549035
12	13	15	16	-173.5903 0.266783
12	13	16	17	-37.54676 0.100370
12	13	17	18	-7.007972 0.009042
12	13	18	19	-6.387741 0.007831
12	13	19	20	-3.043730 0.003353
12	13	20	21	-2.936353 0.002947
12	13	21	22	-1.903082 0.002022
10	14	18	22	-26.75755 -0.000186
10	14	22	26	-10.71417 -0.000046
10	14	26	30	-2.516215 -0.000002
11	14	17	20	-28.62523 0.017557
11	14	20	23	-12.40059 0.006207
11	14	23	26	-5.756739 0.003583
11	14	26	29	-1.757724 0.000895
11	14	29	32	-1.197768 0.000447
12	14	16	18	-66.62732 0.207214
12	14	18	20	-13.87433 0.011441
12	14	20	22	-6.078604 0.004670
12	14	22	24	-5.113802 0.004369
12	14	24	26	-2.023991 0.001651
12	14	26	28	-0.816005 0.000619
12	14	28	30	-0.822490 0.000583
12	14	30	32	-0.499866 0.000326
13	14	15	16	-154.9102 0.203499
13	14	16	17	-19.29651 0.052531
13	14	17	18	-3.035634 0.003617
13	14	18	19	-2.813870 0.002885
13	14	19	20	-1.624847 0.001635
13	14	20	21	-0.803856 0.000639
13	14	21	22	-0.431102 0.000360
13	14	22	23	-0.630373 0.000594
11	15	19	23	-25.55125 -0.000200
11	15	23	27	-8.511502 -0.000050
11	15	27	31	-2.625491 0.0000000
12	15	18	21	-29.41498 0.017377
12	15	21	24	-11.08341 0.005608
12	15	24	27	-3.545802 0.001773
12	15	27	30	-1.766786 0.000768
13	15	17	19	-19.51817 0.033713
13	15	19	21	-7.726865 0.011320
13	15	21	23	-3.613907 0.005472
13	15	23	25	-2.569287 0.003778
13	15	25	27	-0.671445 0.000956
13	15	27	29	-0.566378 0.000780
13	15	29	31	-0.366885 0.000478
14	15	16	17	-53.91776 0.264283
14	15	17	18	-7.153456 0.008848
14	15	18	19	-6.515748 0.007501
14	15	19	20	-3.310729 0.003318
14	15	20	21	-1.988397 0.002069
14	15	21	22	-1.114897 0.001173
14	15	22	23	-1.437074 0.001564
14	15	23	24	-1.082678 0.000957
12	16	20	24	-22.31491 0.007290
12	16	24	28	-5.320632 0.0000000
12	16	28	32	-2.379881 0.000644
13	16	19	22	-15.75896 0.007709
13	16	22	25	-7.618077 0.003854
13	16	25	28	-1.512243 0.000879
13	16	28	31	-1.054896 0.000481
14	16	18	20	-20.37331 0.014482
14	16	20	22	-6.265917 0.004105
14	16	22	24	-4.890681 0.003352
14	16	24	26	-1.808907 0.001081
14	16	26	28	-0.676358 0.000419
14	16	28	30	-0.660003 0.000342
14	16	30	32	-0.397222 0.000191
15	16	17	18	-11.70074 0.013987
15	16	18	19	-7.264771 0.009156
15	16	19	20	-3.349948 0.004109
15	16	20	21	-2.044311 0.002351
15	16	21	22	-1.141255 0.001321
15	16	22	23	-1.373738 0.001663
15	16	23	24	-1.007164 0.001144
15	16	24	25	-0.615721 0.000713
13	17	21	25	-40.39483 -0.000416
13	17	25	29	-4.856869 0.0000000
14	17	20	23	-48.44448 -0.000474
14	17	23	26	-15.06098 -0.000059
14	17	26	29	-2.888990 0.0000000
14	17	29	32	-1.764288 0.0000000
15	17	19	21	-59.26076 0.030146
15	17	21	23	-22.45487 0.014099
15	17	23	25	-11.74979 0.006526
15	17	25	27	-2.063256 0.001153
15	17	27	29	-1.556583 0.000666
15	17	29	31	-0.943742 0.000333
16	17	18	19	-101.7078 0.153060
16	17	19	20	-34.42607 0.048401
16	17	20	21	-19.39408 0.027057
16	17	21	22	-9.854491 0.014612
16	17	22	23	-10.06569 0.015024
16	17	23	24	-6.541170 0.008905
16	17	24	25	-3.578118 0.005523
16	17	25	26	-1.031080 0.001512
14	18	22	26	-72.31415 0.0000000
14	18	26	30	-6.769465 0.001783
15	18	21	24	-93.61505 0.025106
15	18	24	27	-15.27333 0.006276
15	18	27	30	-4.400542 0.0000000
16	18	20	22	-126.2058 0.123856
16	18	22	24	-52.91356 0.064950
16	18	24	26	-12.74681 0.017652
16	18	26	28	-2.920455 0.003568
16	18	28	30	-2.515929 0.003059
16	18	30	32	-1.396358 0.001784
17	18	19	20	-175.6642 0.247383
17	18	20	21	-69.62755 0.068906
17	18	21	22	-27.38227 0.033482
17	18	22	23	-23.06166 0.029279
17	18	23	24	-13.22803 0.015725
17	18	24	25	-6.601972 0.009522
17	18	25	26	-1.530700 0.002241
17	18	26	27	-0.883090 0.001134
15	19	23	27	-65.43235 0.025183
15	19	27	31	-8.030261 0.001817
16	19	22	25	-124.8192 0.072746
16	19	25	28	-9.270989 0.005952
16	19	28	31	-5.134705 0.002717
17	19	21	23	-136.2560 0.132792
17	19	23	25	-46.27806 0.049981
17	19	25	27	-5.272741 0.005868
17	19	27	29	-3.526568 0.003788
17	19	29	31	-1.997711 0.002074
18	19	20	21	-178.0084 0.129735
18	19	21	22	-50.62190 0.044199
18	19	22	23	-35.13208 0.031254
18	19	23	24	-17.98354 0.015627
18	19	24	25	-8.427966 0.009446
18	19	25	26	-1.822709 0.001876
18	19	26	27	-1.030325 0.000898
18	19	27	28	-0.923695 0.000812
16	20	24	28	-47.93349 0.039281
16	20	28	32	-9.885802 0.006587
17	20	23	26	-101.7022 0.070511
17	20	26	29	-9.505263 0.007633
17	20	29	32	-5.051500 0.003816
18	20	22	24	-171.9948 0.143470
18	20	24	26	-27.62099 0.030008
18	20	26	28	-4.676249 0.003751
18	20	28	30	-3.915166 0.003170
18	20	30	32	-2.053574 0.001807
19	20	21	22	-176.5960 0.274229
19	20	22	23	-83.99680 0.138478
19	20	23	24	-34.75015 0.052211
19	20	24	25	-14.62325 0.026105
19	20	25	26	-2.721512 0.004809
19	20	26	27	-1.470348 0.002184
19	20	27	28	-1.247958 0.002077
19	20	28	29	-1.345556 0.002077
17	21	25	29	-27.77701 0.018032
18	21	24	27	-67.93025 0.079661
18	21	27	30	-11.98949 0.009388
19	21	23	25	-161.0361 0.265537
19	21	25	27	-11.94684 0.021312
19	21	27	29	-7.047313 0.012040
19	21	29	31	-3.739511 0.006020
20	21	22	23	-304.5417 0.339514
20	21	23	24	-81.64353 0.080024
20	21	24	25	-30.07566 0.042439
20	21	25	26	-5.057217 0.006375
20	21	26	27	-2.705933 0.002795
20	21	27	28	-2.256114 0.002932
20	21	28	29	-2.197705 0.002073
20	21	29	30	-1.448797 0.001127
18	22	26	30	-27.55853 0.0000000
19	22	25	28	-28.68300 0.025224
19	22	28	31	-11.84087 0.009632
20	22	24	26	-86.52948 0.119706
20	22	26	28	-11.55815 0.009570
20	22	28	30	-7.422575 0.006177
20	22	30	32	-3.624939 0.003190
21	22	23	24	-145.6256 0.129193
21	22	24	25	-44.78193 0.063342
21	22	25	26	-6.645717 0.008074
21	22	26	27	-3.569850 0.003359
21	22	27	28	-3.031987 0.003167
21	22	28	29	-2.351426 0.002168
21	22	29	30	-1.423421 0.001119
21	22	30	31	-0.790764 0.000656
19	23	27	31	-35.09736 0.019826
20	23	26	29	-36.24362 0.023140
20	23	29	32	-13.50291 0.009680
21	23	25	27	-35.13225 0.049887
21	23	27	29	-17.23116 0.022529
21	23	29	31	-7.090677 0.008583
22	23	24	25	-145.4247 0.243622
22	23	25	26	-16.61859 0.015420
22	23	26	27	-8.290782 0.005972
22	23	27	28	-6.562994 0.005172
22	23	28	29	-5.279977 0.003448
22	23	29	30	-3.135506 0.001927
22	23	30	31	-1.736081 0.001362
22	23	31	32	-2.124637 0.001493
20	24	28	32	-37.91169 0.019325
21	24	27	30	-40.18283 0.036616
22	24	26	28	-34.42040 0.028527
22	24	28	30	-18.53625 0.014263
22	24	30	32	-8.331873 0.006671
23	24	25	26	-25.71244 0.018099
23	24	26	27	-11.28765 0.006399
23	24	27	28	-8.270622 0.004837
23	24	28	29	-6.403674 0.003824
23	24	29	30	-3.711814 0.001481
23	24	30	31	-2.021810 0.001131
23	24	31	32	-2.442547 0.001352
22	25	28	31	-62.52192 -0.001798
23	25	27	29	-75.55403 0.045515
23	25	29	31	-22.35497 0.011378
24	25	26	27	-71.15591 0.136137
24	25	27	28	-37.26181 0.032585
24	25	28	29	-23.75316 0.015534
24	25	29	30	-10.95305 0.007368
24	25	30	31	-5.699075 0.004428
24	25	31	32	-6.316655 0.005210
23	26	29	32	-95.68250 -0.005365
24	26	28	30	-146.8178 0.072658
24	26	30	32	-44.99268 0.018164
25	26	27	28	-147.1253 0.216596
25	26	28	29	-80.63714 0.089020
25	26	29	30	-31.61140 0.033308
25	26	30	31	-16.22646 0.018884
25	26	31	32	-16.73393 0.018884
25	27	29	31	-109.0603 0.076021
26	27	28	29	-172.6064 0.151892
26	27	29	30	-40.39755 0.036685
26	27	30	31	-20.86140 0.012008
26	27	31	32	-18.39999 0.014706
26	28	30	32	-115.7311 0.059228
27	28	29	30	-86.81732 0.225216
27	28	30	31	-42.27226 0.023480
27	28	31	32	-34.18340 0.021963
28	29	30	31	-162.8980 0.112894
28	29	31	32	-90.73831 0.083088
29	30	31	32	-223.4818 0.296991
1	4	2	3	572.3854 0.319521
2	5	3	4	679.3265 -0.050940
3	6	4	5	1241.992 -0.105263
1	7	3	5	364.5179 0.0000000
4	7	5	6	824.2228 0.0000000
2	8	4	6	429.4382 0.096150
5	8	6	7	707.7814 0.0000000
3	9	5	7	225.6219 0.145952
6	9	7	8	642.7769 0.396853
1	10	4	7	166.6525 0.077335
4	10	6	8	303.9393 0.0000000
7	10	8	9	320.8655 0.0000000
2	11	5	8	181.8690 0.047418
5	11	7	9	369.4212 -0.033232
8	11	9	10	161.7439 0.148949
3	12	6	9	208.0469 0.079862
6	12	8	10	241.1384 0.082985
9	12	10	11	238.2181 0.050891
1	13	5	9	115.2525 0.028674
4	13	7	10	160.7752 -0.003433
7	13	9	11	83.48522 0.029159
10	13	11	12	278.9668 0.424319
2	14	6	10	131.4018 0.036068
5	14	8	11	132.7433 0.0000000
8	14	10	12	171.7829 -0.006609
11	14	12	13	990.1975 -0.186539
3	15	7	11	105.3352 0.027245
6	15	9	12	103.1949 0.050309
9	15	11	13	408.6320 0.176087
12	15	13	14	252.6215 0.222664
1	16	6	11	74.57672 0.0000000
4	16	8	12	79.23640 -0.001266
7	16	10	13	137.5759 0.0000000
10	16	12	14	208.9737 0.153527
13	16	14	15	677.6278 0.886011
2	17	7	12	71.99437 0.0000000
5	17	9	13	73.98058 0.0000000
8	17	11	14	106.1271 0.029276
11	17	13	15	97.04041 0.023291
14	17	15	16	416.4110 0.338324
3	18	8	13	71.34098 -0.001800
6	18	10	14	78.40260 0.041790
9	18	12	15	129.3710 0.043513
12	18	14	16	179.9240 0.086665
15	18	16	17	323.1288 0.334906
1	19	7	13	67.18942 0.0000000
4	19	9	14	51.44547 0.0000000
7	19	11	15	83.25869 0.019580
10	19	13	16	79.13630 0.071164
13	19	15	17	391.3991 0.210455
16	19	17	18	348.6134 0.387058
2	20	8	14	55.27381 0.015770
5	20	10	15	61.53453 0.022728
8	20	12	16	78.53097 0.068476
11	20	14	17	146.0364 0.124978
14	20	16	18	297.0093 0.261786
17	20	18	19	428.4484 0.824983
3	21	9	15	43.38291 0.014324
6	21	11	16	68.48769 0.048157
9	21	13	17	92.76838 0.128531
12	21	15	18	203.9990 0.172370
15	21	17	19	243.4098 0.285792
18	21	19	20	539.7773 0.684021
1	22	8	15	45.17674 0.0000000
4	22	10	16	46.39289 0.013305
7	22	12	17	83.33917 0.020813
10	22	14	18	136.4681 0.107615
13	22	16	19	231.6077 0.117101
16	22	18	20	257.2149 0.412914
19	22	20	21	715.6154 0.668074
2	23	9	16	34.76764 0.008654
5	23	11	17	62.86947 0.017108
8	23	13	18	77.42115 0.0000000
11	23	15	19	127.6478 0.033946
14	23	17	20	161.2667 0.0000000
17	23	19	21	270.9453 0.133742
20	23	21	22	485.5618 0.410187
3	24	10	17	39.57097 0.0000000
6	24	12	18	65.73679 0.045976
9	24	14	19	83.69373 0.0000000
12	24	16	20	103.8902 0.025320
15	24	18	21	133.9803 0.0000000
18	24	20	22	262.5230 0.144681
21	24	22	23	663.3209 0.907620
1	25	9	17	29.81171 0.0000000
4	25	11	18	42.77378 0.015153
7	25	13	19	46.85796 0.019067
10	25	15	20	67.75988 0.033957
13	25	17	21	83.79297 0.047766
16	25	19	22	85.55026 0.064360
19	25	21	23	245.0783 0.368528
22	25	23	24	372.2206 0.401702
2	26	10	18	34.00935 -0.000766
5	26	12	19	47.67951 0.017136
8	26	14	20	52.13649 0.026880
11	26	16	21	64.91577 0.018138
14	26	18	22	79.30106 0.018275
17	26	20	23	130.2631 0.078764
20	26	22	24	314.1459 0.362585
23	26	24	25	425.4610 0.227226
3	27	11	19	37.47224 -0.000853
6	27	13	20	43.52262 0.029053
9	27	15	21	60.87567 0.024973
12	27	17	22	61.89952 0.018077
15	27	19	23	89.53409 0.024151
18	27	21	24	179.8669 0.073127
21	27	23	25	352.4330 0.258089
24	27	25	26	376.3556 0.413451
1	28	10	19	31.56040 0.010365
4	28	12	20	39.62149 0.008764
7	28	14	21	48.19184 0.0000000
10	28	16	22	56.95664 0.026883
13	28	18	23	81.56163 0.022769
16	28	20	24	92.47454 0.056679
19	28	22	25	241.6764 0.180172
22	28	24	26	356.7631 0.286741
25	28	26	27	373.3058 0.413039
2	29	11	20	33.22394 0.030754
5	29	13	21	37.89948 0.036353
8	29	15	22	46.03913 0.070743
11	29	17	23	54.40138 0.079482
14	29	19	24	77.04170 0.111458
17	29	21	25	125.8902 0.230066
20	29	23	26	259.2122 0.369268
23	29	25	27	241.9545 0.563662
26	29	27	28	408.2512 0.972511
3	30	12	21	33.08732 0.0000000
6	30	14	22	40.25515 0.026426
9	30	16	23	50.93168 0.017252
12	30	18	24	59.02029 0.015578
15	30	20	25	87.49732 -0.001834
18	30	22	26	184.8075 0.062976
21	30	24	27	224.9331 0.0000000
24	30	26	28	225.0332 0.0000000
27	30	28	29	599.2418 0.696235
1	31	11	21	29.92329 0.009593
4	31	13	22	30.71619 0.008255
7	31	15	23	42.31010 0.0000000
10	31	17	24	49.09974 -0.001119
13	31	19	25	76.16221 0.028676
16	31	21	26	105.1732 -0.004274
19	31	23	27	178.6359 0.065910
22	31	25	28	185.8507 0.057410
25	31	27	29	312.3344 0.339492
28	31	29	30	512.8283 0.388305
2	32	12	22	28.48760 0.011294
5	32	14	23	35.14163 0.016764
8	32	16	24	41.31032 0.015426
11	32	18	25	50.07553 -0.000736
14	32	20	26	78.99334 0.025039
17	32	22	27	108.8775 -0.002891
20	32	24	28	142.1163 0.030869
23	32	26	29	152.5909 0.093816
26	32	28	30	334.3826 0.461140
29	32	30	31	348.2907 0.280497
3	4	1	2	-219.2019 0.114342
4	5	1	2	-169.5875 -0.003243
4	5	2	3	-399.0577 0.0000000
5	6	1	2	-34.31183 0.016349
5	6	2	3	-52.49629 0.0000000
5	6	3	4	-224.3438 0.058492
5	7	1	3	-140.3498 0.0000000
6	7	1	2	-22.30851 0.014001
6	7	2	3	-31.16781 0.017711
6	7	3	4	-109.8863 0.070844
6	7	4	5	-435.5265 0.300567
6	8	2	4	-190.2340 0.104904
7	8	1	2	-10.61182 0.0000000
7	8	2	3	-12.51655 0.0000000
7	8	3	4	-36.65378 -0.000908
7	8	4	5	-120.9206 -0.010898
7	8	5	6	-404.6996 0.0000000
7	9	1	3	-31.06421 0.016218
7	9	3	5	-196.4228 0.074909
8	9	1	2	-3.868618 -0.000012
8	9	2	3	-4.109847 -0.000012
8	9	3	4	-10.82239 0.002307
8	9	4	5	-28.42379 0.006526
8	9	5	6	-60.83904 0.018459
8	9	6	7	-71.63475 0.0000000
7	10	1	4	-79.79871 0.039456
8	10	2	4	-15.96616 -0.000224
8	10	4	6	-94.00445 0.028748
9	10	1	2	-0.327694 0.000079
9	10	2	3	-0.307336 0.000079
9	10	3	4	-0.739867 0.0000000
9	10	4	5	-1.802560 0.0000000
9	10	5	6	-3.033270 -0.000009
9	10	6	7	-3.338017 0.0000000
9	10	7	8	-11.07259 0.002540
8	11	2	5	-48.38796 0.023680
9	11	1	3	-1.162006 0.000472
9	11	3	5	-4.555854 0.001337
9	11	5	7	-11.00249 0.003782
10	11	1	2	-0.272415 0.000420
10	11	2	3	-0.254433 0.000351
10	11	3	4	-0.599386 0.000833
10	11	4	5	-1.415204 0.001879
10	11	5	6	-2.294681 0.003137
10	11	6	7	-2.337845 0.002998
10	11	7	8	-5.970098 0.008065
10	11	8	9	-45.09044 0.079719
9	12	3	6	-17.36237 0.009438
10	12	2	4	-2.378653 0.001753
10	12	4	6	-10.12098 0.007755
10	12	6	8	-20.00868 0.015510
11	12	2	3	-0.460968 0.000399
11	12	3	4	-1.064721 0.000875
11	12	4	5	-2.496841 0.001751
11	12	5	6	-3.921052 0.002476
11	12	6	7	-3.814064 0.002260
11	12	7	8	-7.902603 0.005718
11	12	8	9	-35.61695 0.043554
11	12	9	10	-78.32610 0.384830
9	13	1	5	-16.95005 -0.000100
10	13	1	4	-6.299148 0.001826
10	13	4	7	-28.27192 0.007307
11	13	1	3	-2.387833 0.002805
11	13	3	5	-8.842059 0.009265
11	13	5	7	-16.17977 0.017903
11	13	7	9	-81.93411 0.119525
12	13	3	4	-1.716177 0.001799
12	13	4	5	-3.557905 0.003484
12	13	5	6	-4.592718 0.004023
12	13	6	7	-3.852384 0.003598
12	13	7	8	-7.863606 0.007633
12	13	8	9	-30.61732 0.035258
12	13	9	10	-42.22347 0.040712
12	13	10	11	-135.6727 0.095479
10	14	2	6	-25.32032 0.005554
11	14	2	5	-11.45469 -0.000030
11	14	5	8	-34.35583 -0.000244
12	14	2	4	-3.080466 0.002196
12	14	4	6	-9.723198 0.006212
12	14	6	8	-13.31935 0.009392
12	14	8	10	-81.54797 0.095780
13	14	4	5	-0.781037 0.000701
13	14	5	6	-0.784944 0.000543
13	14	6	7	-0.435983 0.000192
13	14	7	8	-1.165793 0.000940
13	14	8	9	-4.180453 0.003318
13	14	9	10	-4.764413 0.003966
13	14	10	11	-10.68368 0.006144
13	14	11	12	-41.24315 0.034758
11	15	3	7	-31.54513 -0.000403
12	15	3	6	-15.08471 0.004342
12	15	6	9	-57.83840 -0.000767
13	15	1	3	-0.927246 0.001284
13	15	3	5	-3.104966 0.003907
13	15	5	7	-3.395018 0.003435
13	15	7	9	-14.13481 0.016663
13	15	9	11	-37.28729 0.043197
14	15	5	6	-1.312872 0.000957
14	15	6	7	-0.861335 0.000718
14	15	7	8	-1.991887 0.001726
14	15	8	9	-6.789495 0.005066
14	15	9	10	-7.243368 0.004281
14	15	10	11	-14.52803 0.010832
14	15	11	12	-51.65339 0.034255
14	15	12	13	-511.4309 0.346637
12	16	4	8	-32.49386 0.015578
13	16	1	4	-2.945849 0.001517
13	16	4	7	-7.957091 0.0000000
13	16	7	10	-37.43431 0.008585
14	16	2	4	-1.603148 0.000825
14	16	4	6	-4.425823 0.001348
14	16	6	8	-5.017412 0.001907
14	16	8	10	-23.80499 0.0000000
14	16	10	12	-106.2418 0.030520
15	16	6	7	-0.668368 0.000519
15	16	7	8	-1.495168 0.001386
15	16	8	9	-4.895601 0.003921
15	16	9	10	-4.838650 0.002773
15	16	10	11	-9.466120 0.007843
15	16	11	12	-30.46457 0.026014
15	16	12	13	-174.3984 0.140313
15	16	13	14	-156.1870 -0.015687
13	17	1	5	-7.238910 -0.000039
13	17	5	9	-30.69267 0.0000000
14	17	2	5	-4.937469 0.001169
14	17	5	8	-9.666084 0.002338
14	17	8	11	-56.19079 0.013227
15	17	1	3	-0.769545 0.000387
15	17	3	5	-2.429148 0.001199
15	17	5	7	-2.964840 0.001385
15	17	7	9	-10.17485 0.003918
15	17	9	11	-19.90596 0.007837
15	17	11	13	-251.6704 0.108600
16	17	7	8	-1.034642 0.001398
16	17	8	9	-2.753417 0.003762
16	17	9	10	-2.153740 0.002516
16	17	10	11	-3.466519 0.005106
16	17	11	12	-9.925834 0.010918
16	17	12	13	-37.14722 0.041432
16	17	13	14	-19.12917 0.018270
16	17	14	15	-53.56683 0.058594
14	18	2	6	-8.814668 -0.000028
14	18	6	10	-37.40536 0.010140
15	18	3	6	-4.913269 0.0000000
15	18	6	9	-12.95682 0.0000000
15	18	9	12	-63.77315 -0.003125
16	18	2	4	-0.748073 0.001077
16	18	4	6	-2.035563 0.002686
16	18	6	8	-2.280138 0.002943
16	18	8	10	-6.334477 0.008324
16	18	10	12	-16.36078 0.021799
16	18	12	14	-66.54254 0.088398
17	18	8	9	-0.875606 0.001539
17	18	9	10	-0.545627 0.000973
17	18	10	11	-0.791979 0.001614
17	18	11	12	-2.153540 0.004097
17	18	12	13	-7.046829 0.013166
17	18	13	14	-3.073748 0.006069
17	18	14	15	-7.197423 0.015011
17	18	15	16	-11.65961 0.020396
15	19	3	7	-7.336289 0.003092
15	19	7	11	-35.02136 0.017491
16	19	1	4	-1.284161 0.001036
16	19	4	7	-3.648849 0.001892
16	19	7	10	-9.365069 0.005863
16	19	10	13	-69.67555 0.038298
17	19	1	3	-0.288802 0.000353
17	19	3	5	-0.873133 0.001031
17	19	5	7	-1.069728 0.001173
17	19	7	9	-2.381582 0.002741
17	19	9	11	-2.564553 0.003085
17	19	11	13	-17.57774 0.020418
17	19	13	15	-19.64967 0.024026
18	19	9	10	-0.493825 0.000504
18	19	10	11	-0.730932 0.000927
18	19	11	12	-1.942320 0.002257
18	19	12	13	-6.416553 0.006542
18	19	13	14	-2.827038 0.002855
18	19	14	15	-6.529761 0.006994
18	19	15	16	-7.224399 0.006994
18	19	16	17	-100.3347 0.107140
16	20	4	8	-6.241654 0.001892
16	20	8	12	-28.17589 0.010705
17	20	2	5	-1.361235 0.001161
17	20	5	8	-2.427339 0.001822
17	20	8	11	-5.156564 0.004465
17	20	11	14	-28.77774 0.026290
18	20	2	4	-0.362417 0.000496
18	20	4	6	-0.947338 0.001128
18	20	6	8	-0.975787 0.001071
18	20	8	10	-1.920874 0.002257
18	20	10	12	-3.561064 0.004736
18	20	12	14	-13.92321 0.014563
18	20	14	16	-20.44920 0.024898
19	20	10	11	-0.286684 0.000462
19	20	11	12	-0.595885 0.000949
19	20	12	13	-3.018051 0.003655
19	20	13	14	-1.641087 0.001827
19	20	14	15	-3.303661 0.003933
19	20	15	16	-3.343993 0.003750
19	20	16	17	-34.17349 0.041356
19	20	17	18	-167.6543 0.156478
17	21	1	5	-2.076601 0.001391
17	21	5	9	-5.735840 0.003644
17	21	9	13	-29.49212 0.018820
18	21	3	6	-1.819563 0.001927
18	21	6	9	-3.165415 0.003033
18	21	9	12	-6.510994 0.006730
18	21	12	15	-29.54679 0.027750
19	21	1	3	-0.230853 0.000461
19	21	3	5	-0.682695 0.001246
19	21	5	7	-0.796866 0.001320
19	21	7	9	-1.486855 0.002583
19	21	9	11	-1.349950 0.002369
19	21	11	13	-7.967910 0.012656
19	21	13	15	-7.762712 0.012847
19	21	15	17	-59.02784 0.112862
20	21	11	12	-1.385980 0.002029
20	21	12	13	-2.954247 0.003543
20	21	13	14	-0.815494 0.000700
20	21	14	15	-2.010567 0.002077
20	21	15	16	-2.049708 0.001930
20	21	16	17	-19.46171 0.026515
20	21	17	18	-69.54998 0.063383
20	21	18	19	-183.9200 0.170075
18	22	2	6	-2.520079 -0.000001
18	22	6	10	-5.204726 -0.000007
18	22	10	14	-26.82955 0.011179
19	22	1	4	-0.670449 0.000686
19	22	4	7	-1.769656 0.001446
19	22	7	10	-2.880282 0.002240
19	22	10	13	-12.01192 0.008963
19	22	13	16	-15.83214 0.010349
20	22	2	4	-0.344090 0.000373
20	22	4	6	-0.866795 0.000846
20	22	6	8	-0.826794 0.000773
20	22	8	10	-1.482323 0.001439
20	22	10	12	-3.231403 0.003658
20	22	12	14	-6.118274 0.005049
20	22	14	16	-6.322182 0.004790
20	22	16	18	-126.4022 0.130274
21	22	12	13	-1.908838 0.002157
21	22	13	14	-0.437293 0.000451
21	22	14	15	-1.125587 0.001276
21	22	15	16	-1.140711 0.001276
21	22	16	17	-9.853778 0.011359
21	22	17	18	-27.41064 0.028179
21	22	18	19	-52.88372 0.025204
21	22	19	20	-174.5677 0.188613
19	23	3	7	-2.993894 0.001503
19	23	7	11	-5.491583 0.001736
19	23	11	15	-25.59915 0.0000000
20	23	2	5	-1.269008 0.000861
20	23	5	8	-2.010885 0.001302
20	23	8	11	-3.514614 0.002764
20	23	11	14	-12.46356 0.008240
20	23	14	17	-48.51976 0.029483
21	23	3	5	-0.712024 0.000808
21	23	5	7	-0.802236 0.000847
21	23	7	9	-1.396438 0.001490
21	23	9	11	-1.258538 0.001399
21	23	11	13	-6.225115 0.006302
21	23	13	15	-3.643035 0.003541
21	23	15	17	-22.41862 0.023132
21	23	17	19	-139.8166 0.117955
22	23	13	14	-0.635448 0.000383
22	23	14	15	-1.444999 0.001038
22	23	15	16	-1.367519 0.000939
22	23	16	17	-10.05830 0.007513
22	23	17	18	-23.02881 0.016613
22	23	18	19	-36.36599 0.014167
22	23	19	20	-82.68214 0.053011
22	23	20	21	-303.5957 0.113343
20	24	4	8	-3.613198 0.001925
20	24	8	12	-8.674619 0.005446
20	24	12	16	-22.44643 0.006889
21	24	3	6	-1.734820 0.001305
21	24	6	9	-2.607035 0.002207
21	24	9	12	-4.612985 0.003693
21	24	12	15	-11.12353 0.008374
21	24	15	18	-93.57737 0.066999
22	24	4	6	-0.981719 0.000762
22	24	6	8	-0.937692 0.001008
22	24	8	10	-1.414100 0.001282
22	24	10	12	-2.544025 0.002488
22	24	12	14	-5.117808 0.004819
22	24	14	16	-4.895014 0.004127
22	24	16	18	-52.82746 0.044523
22	24	18	20	-171.8454 0.149002
23	24	14	15	-1.083125 0.000660
23	24	15	16	-0.997960 0.000611
23	24	16	17	-6.516344 0.003994
23	24	17	18	-13.18550 0.006315
23	24	18	19	-18.48944 0.006918
23	24	19	20	-34.20604 0.017864
23	24	20	21	-81.51885 0.039138
23	24	21	22	-145.5784 0.055349
21	25	1	5	-1.809694 0.001419
21	25	5	9	-4.045931 0.002655
21	25	9	13	-12.46841 0.008517
21	25	13	17	-40.42028 0.027817
22	25	1	4	-0.728049 0.000333
22	25	4	7	-1.861286 0.000943
22	25	7	10	-2.575645 0.000943
22	25	10	13	-8.345425 0.004622
22	25	13	16	-7.653946 0.003774
22	25	16	19	-126.7790 0.030195
23	25	5	7	-0.707801 0.000556
23	25	7	9	-1.139095 0.001072
23	25	9	11	-0.869330 0.000728
23	25	11	13	-4.114228 0.003763
23	25	13	15	-2.588834 0.002145
23	25	15	17	-11.76305 0.010099
23	25	17	19	-47.17108 0.032983
23	25	19	21	-161.0089 0.126316
24	25	15	16	-0.618683 0.000793
24	25	16	17	-3.621641 0.004680
24	25	17	18	-6.682464 0.008579
24	25	18	19	-8.775312 0.009906
24	25	19	20	-14.63950 0.019813
24	25	20	21	-30.51590 0.039627
24	25	21	22	-45.50763 0.059911
24	25	22	23	-147.3481 0.194134
22	26	2	6	-2.158131 -0.000001
22	26	6	10	-3.524770 -0.000003
22	26	10	14	-10.74075 -0.000027
22	26	14	18	-72.45142 0.0000000
23	26	2	5	-0.931249 0.000525
23	26	5	8	-1.428112 0.000887
23	26	8	11	-1.897685 0.001123
23	26	11	14	-5.782652 0.003551
23	26	14	17	-15.09794 0.007780
23	26	17	20	-102.2710 0.050822
24	26	6	8	-0.509587 0.000372
24	26	8	10	-0.667396 0.000339
24	26	10	12	-1.029934 0.000679
24	26	12	14	-2.047173 0.001608
24	26	14	16	-1.826389 0.001823
24	26	16	18	-12.90119 0.009724
24	26	18	20	-28.04207 0.019448
24	26	20	22	-87.88888 0.061501
25	26	16	17	-1.044916 0.001216
25	26	17	18	-1.551742 0.001839
25	26	18	19	-1.888353 0.001914
25	26	19	20	-2.741752 0.003004
25	26	20	21	-5.145669 0.005203
25	26	21	22	-6.756023 0.007659
25	26	22	23	-16.87994 0.018999
25	26	23	24	-26.07727 0.028181
23	27	3	7	-1.925293 0.000434
23	27	7	11	-2.717404 0.001228
23	27	11	15	-8.549008 0.002456
23	27	15	19	-66.36624 0.0000000
24	27	3	6	-0.883830 0.000236
24	27	6	9	-1.190873 0.0000000
24	27	9	12	-1.500010 0.000334
24	27	12	15	-3.579779 0.0000000
24	27	15	18	-15.41256 0.003782
24	27	18	21	-68.83315 0.015129
25	27	7	9	-0.441649 0.000478
25	27	9	11	-0.267387 0.000290
25	27	11	13	-1.169344 0.001202
25	27	13	15	-0.674835 0.000711
25	27	15	17	-2.067944 0.002195
25	27	17	19	-5.348046 0.005120
25	27	19	21	-11.98289 0.011107
25	27	21	23	-35.25867 0.032951
26	27	17	18	-0.872145 0.000807
26	27	18	19	-1.035875 0.000878
26	27	19	20	-1.433156 0.001241
26	27	20	21	-2.663484 0.002284
26	27	21	22	-3.504946 0.003230
26	27	22	23	-8.134911 0.008033
26	27	23	24	-11.12141 0.010671
26	27	24	25	-69.57611 0.046760
24	28	4	8	-1.630359 0.000565
24	28	8	12	-2.444357 0.000979
24	28	12	16	-5.362524 0.0000000
24	28	16	20	-48.49746 0.0000000
25	28	1	4	-0.289234 0.000141
25	28	4	7	-0.707092 0.000178
25	28	7	10	-0.804457 0.000178
25	28	10	13	-1.870021 0.000505
25	28	13	16	-1.514935 0.000715
25	28	16	19	-9.373517 0.002023
25	28	19	22	-28.78873 0.0000000
26	28	8	10	-0.316471 0.000224
26	28	10	12	-0.430231 0.000302
26	28	12	14	-0.815584 0.000540
26	28	14	16	-0.674532 0.000573
26	28	16	18	-2.908578 0.002292
26	28	18	20	-4.661840 0.002859
26	28	20	22	-11.47978 0.008087
26	28	22	24	-34.12217 0.024455
27	28	18	19	-0.942475 0.000446
27	28	19	20	-1.241923 0.000729
27	28	20	21	-2.262295 0.001153
27	28	21	22	-3.026005 0.002062
27	28	22	23	-6.548414 0.004837
27	28	23	24	-8.255115 0.005457
27	28	24	25	-36.90122 0.008251
27	28	25	26	-146.4456 0.123500
25	29	1	5	-0.752173 0.001140
25	29	5	9	-1.460903 0.002004
25	29	9	13	-2.695870 0.003827
25	29	13	17	-4.864716 0.006594
25	29	17	21	-27.90252 0.037304
26	29	2	5	-0.452539 0.000822
26	29	5	8	-0.663906 0.001133
26	29	8	11	-0.698927 0.001221
26	29	11	14	-1.753009 0.002837
26	29	14	17	-2.880433 0.004886
26	29	17	20	-9.480802 0.015773
26	29	20	23	-36.03553 0.059617
27	29	9	11	-0.244145 0.000491
27	29	11	13	-1.014880 0.001739
27	29	13	15	-0.566439 0.000992
27	29	15	17	-1.555199 0.002756
27	29	17	19	-3.553483 0.006095
27	29	19	21	-7.027083 0.012099
27	29	21	23	-17.21246 0.030608
27	29	23	25	-75.45111 0.077805
28	29	19	20	-1.326927 0.002422
28	29	20	21	-2.190495 0.003839
28	29	21	22	-2.357087 0.004114
28	29	22	23	-5.276921 0.009577
28	29	23	24	-6.400402 0.011542
28	29	24	25	-23.65653 0.031280
28	29	25	26	-81.57073 0.127336
28	29	26	27	-172.5974 0.313696
26	30	2	6	-0.895526 -0.000000
26	30	6	10	-1.217070 0.0000000
26	30	10	14	-2.510822 0.000819
26	30	14	18	-6.754344 -0.000025
26	30	18	22	-27.46532 -0.000204
27	30	3	6	-0.630496 0.000530
27	30	6	9	-0.789536 0.000573
27	30	9	12	-0.816806 0.000650
27	30	12	15	-1.766530 0.001370
27	30	15	18	-4.394761 0.003876
27	30	18	21	-11.99328 0.009173
27	30	21	24	-40.13230 0.031011
28	30	10	12	-0.443249 0.000357
28	30	12	14	-0.819350 0.000646
28	30	14	16	-0.655670 0.000589
28	30	16	18	-2.507580 0.002110
28	30	18	20	-3.893566 0.002858
28	30	20	22	-7.408169 0.005170
28	30	22	24	-18.48288 0.014624
28	30	24	26	-148.0325 0.095524
29	30	20	21	-1.446203 0.002903
29	30	21	22	-1.424107 0.002876
29	30	22	23	-3.125978 0.006516
29	30	23	24	-3.708429 0.007742
29	30	24	25	-10.87939 0.021439
29	30	25	26	-31.82721 0.069255
29	30	26	27	-40.64416 0.093772
29	30	27	28	-88.92046 0.257892
27	31	3	7	-0.976895 0.000266
27	31	7	11	-1.116958 0.000266
27	31	11	15	-2.624232 0.0000000
27	31	15	19	-8.071877 0.002135
27	31	19	23	-35.04927 0.008541
28	31	1	4	-0.241500 0.000158
28	31	4	7	-0.588840 0.000471
28	31	7	10	-0.639839 0.000568
28	31	10	13	-1.369649 0.001063
28	31	13	16	-1.050202 0.000852
28	31	16	19	-5.153748 0.003937
28	31	19	22	-11.79788 0.009644
28	31	22	25	-62.46330 0.018186
29	31	11	13	-0.672838 0.001305
29	31	13	15	-0.368696 0.000724
29	31	15	17	-0.945143 0.001911
29	31	17	19	-2.015423 0.003853
29	31	19	21	-3.716392 0.007251
29	31	21	23	-7.091767 0.013956
29	31	23	25	-22.31802 0.040641
29	31	25	27	-109.9091 0.202207
30	31	21	22	-0.794311 0.000538
30	31	22	23	-1.737615 0.001243
30	31	23	24	-2.026077 0.001605
30	31	24	25	-5.672314 0.004060
30	31	25	26	-16.32702 0.012181
30	31	26	27	-20.79543 0.016242
30	31	27	28	-41.54824 0.055079
30	31	28	29	-164.5710 0.0000000
28	32	4	8	-1.028919 0.000751
28	32	8	12	-1.264036 0.000983
28	32	12	16	-2.370365 0.001605
28	32	16	20	-9.850464 0.007532
28	32	20	24	-37.82659 0.027253
29	32	2	5	-0.338949 0.000507
29	32	5	8	-0.496983 0.000793
29	32	8	11	-0.498896 0.000824
29	32	11	14	-1.196773 0.001857
29	32	14	17	-1.761364 0.002821
29	32	17	20	-5.034849 0.007847
29	32	20	23	-13.47889 0.020607
29	32	23	26	-95.94898 0.145600
30	32	12	14	-0.497832 0.000462
30	32	14	16	-0.394489 0.000404
30	32	16	18	-1.390941 0.001382
30	32	18	20	-2.043249 0.001849
30	32	20	22	-3.611614 0.003474
30	32	22	24	-8.295058 0.008605
30	32	24	26	-44.87366 0.045394
30	32	26	28	-114.2189 0.137687
31	32	22	23	-2.093631 0.001776
31	32	23	24	-2.414487 0.002176
31	32	24	25	-6.189674 0.005271
31	32	25	26	-16.55296 0.015572
31	32	26	27	-18.10345 0.014215
31	32	27	28	-33.51341 0.041200
31	32	28	29	-89.66868 0.044045
31	32	29	30	-221.2050 0.152578
2	3	1	4	575.5720 0.150868
3	4	2	5	681.7444 0.181600
3	5	1	7	369.7419 0.100923
4	5	3	6	1247.404 0.304867
4	6	2	8	431.7524 -0.012271
5	6	4	7	831.4933 1.101603
4	7	1	10	168.2328 0.109357
5	7	3	9	226.7941 -0.015655
6	7	5	8	708.6298 0.634548
5	8	2	11	182.2060 0.0000000
6	8	4	10	303.7184 0.165926
7	8	6	9	643.2157 -0.071804
5	9	1	13	115.6323 0.0000000
6	9	3	12	208.4174 0.135079
7	9	5	11	365.7405 0.109060
8	9	7	10	322.5654 0.082172
6	10	2	14	131.6528 0.081161
7	10	4	13	159.7570 0.0000000
8	10	6	12	241.4522 0.0000000
9	10	8	11	162.3632 0.273442
6	11	1	16	74.94216 0.038484
7	11	3	15	104.8847 -0.006085
8	11	5	14	133.2353 0.040201
9	11	7	13	83.95643 0.067878
10	11	9	12	241.1124 0.348941
7	12	2	17	71.72988 0.030889
8	12	4	16	79.61553 -0.001598
9	12	6	15	103.2237 0.0000000
10	12	8	14	172.0094 0.217947
11	12	10	13	279.8613 0.069246
7	13	1	19	67.34832 0.014665
8	13	3	18	71.59802 0.040962
9	13	5	17	74.03622 0.075772
10	13	7	16	138.7250 0.277756
11	13	9	15	409.0717 0.795436
12	13	11	14	989.8155 1.379239
8	14	2	20	55.40051 0.0000000
9	14	4	19	51.59691 0.0000000
10	14	6	18	78.60416 0.022679
11	14	8	17	106.2454 0.103174
12	14	10	16	211.2277 0.289712
13	14	12	15	250.8006 0.305522
8	15	1	22	45.26640 -0.000693
9	15	3	21	43.39294 0.020303
10	15	5	20	61.61489 0.045764
11	15	7	19	83.53401 0.072070
12	15	9	18	130.1214 0.085463
13	15	11	17	97.34140 0.124556
14	15	13	16	679.9329 0.716609
9	16	2	23	34.77075 0.012290
10	16	4	22	46.41238 0.022438
11	16	6	21	68.54379 0.047336
12	16	8	20	78.81458 0.053157
13	16	10	19	79.67676 0.142669
14	16	12	18	180.5830 0.191650
15	16	14	17	415.8872 0.383749
9	17	1	25	29.84315 0.0000000
10	17	3	24	39.58513 0.024857
11	17	5	23	62.90705 0.039874
12	17	7	22	83.56127 0.045097
13	17	9	21	93.02052 0.099168
14	17	11	20	146.5692 0.115953
15	17	13	19	392.0588 0.547466
16	17	15	18	323.5248 0.477224
10	18	2	26	34.07104 -0.000680
11	18	4	25	42.79982 0.010021
12	18	6	24	65.77693 0.019469
13	18	8	23	77.54610 0.045684
14	18	10	22	137.1146 0.041007
15	18	12	21	204.5433 0.183736
16	18	14	20	299.6020 0.544744
17	18	16	19	359.8993 0.558346
10	19	1	28	31.55661 0.0000000
11	19	3	27	37.38952 0.009618
12	19	5	26	47.64554 0.012799
13	19	7	25	46.76203 0.015112
14	19	9	24	83.46055 0.033751
15	19	11	23	127.2142 0.040371
16	19	13	22	231.4241 0.364916
17	19	15	21	241.3861 0.328158
18	19	17	20	423.4235 0.479759
11	20	2	29	33.23249 0.011092
12	20	4	28	39.71006 0.014732
13	20	6	27	43.53442 0.019719
14	20	8	26	52.23994 0.025792
15	20	10	25	67.98251 0.043657
16	20	12	24	103.7633 0.156703
17	20	14	23	161.6137 0.198995
18	20	16	22	257.8749 0.277145
19	20	18	21	539.7036 0.630308
11	21	1	31	29.90320 0.011018
12	21	3	30	33.09405 0.023633
13	21	5	29	37.92854 0.026759
14	21	7	28	48.35572 0.029255
15	21	9	27	61.07279 0.049898
16	21	11	26	65.13635 0.108809
17	21	13	25	84.00918 0.127103
18	21	15	24	133.8763 0.212573
19	21	17	23	272.1444 0.387888
20	21	19	22	721.2042 0.505867
12	22	2	32	28.44628 0.0000000
13	22	4	31	30.68021 0.009285
14	22	6	30	40.23472 -0.000525
15	22	8	29	46.10570 0.024667
16	22	10	28	57.20180 0.041536
17	22	12	27	62.02522 0.046161
18	22	14	26	79.67542 0.055143
19	22	16	25	85.91207 0.130780
20	22	18	24	262.3628 0.293660
21	22	20	23	486.4329 0.484515
14	23	5	32	35.04611 -0.000402
15	23	7	31	42.22324 -0.000823
16	23	9	30	50.86207 -0.002134
17	23	11	29	54.42186 0.011667
18	23	13	28	81.76238 -0.001769
19	23	15	27	89.71328 0.094096
20	23	17	26	130.4868 0.118539
21	23	19	25	247.8139 0.278996
22	23	21	24	660.5068 0.518166
16	24	8	32	41.16817 0.009541
17	24	10	31	49.01460 0.027591
18	24	12	30	58.93814 0.024608
19	24	14	29	77.19630 0.084895
20	24	16	28	92.94461 0.103825
21	24	18	27	179.9971 0.282543
22	24	20	26	314.7801 0.337414
23	24	22	25	373.4206 0.302775
18	25	11	32	49.90558 0.012349
19	25	13	31	76.13358 0.083147
20	25	15	30	87.58699 0.071633
21	25	17	29	126.1865 0.116954
22	25	19	28	244.4440 0.201207
23	25	21	27	354.2441 0.341314
24	25	23	26	427.2151 0.748540
20	26	14	32	78.54423 -0.001950
21	26	16	31	104.7766 0.050896
22	26	18	30	184.4287 0.057266
23	26	20	29	259.9052 0.220304
24	26	22	28	358.2115 0.317650
25	26	24	27	375.3881 0.292415
22	27	17	32	107.9305 0.0000000
23	27	19	31	178.9656 0.051406
24	27	21	30	225.1048 0.091104
25	27	23	29	241.8192 0.286725
26	27	25	28	374.6202 0.408267
24	28	20	32	142.0731 0.294370
25	28	22	31	185.7313 0.130003
26	28	24	30	225.2114 0.0000000
27	28	26	29	406.2057 0.280349
26	29	23	32	151.7340 0.156697
27	29	25	31	313.3008 0.544607
28	29	27	30	604.4174 0.857002
28	30	26	32	337.1590 0.261929
29	30	28	31	516.6327 0.876290
30	31	29	32	346.7907 0.093454