32#	Number	of	sensors
#x	z			
0	0.06			
0.1	0.15			
0.15	0.2			
0.24	0.22			
0.36	0.22			
0.43	0.19			
0.51	0.13			
0.57	0.04			
0.74	0.04			
0.82	0.12			
0.93	0.19			
1	0.23			
1.1	0.22			
1.19	0.17			
1.24	0.11			
1.33	0.02			
1.5	0.02			
1.56	0.11			
1.63	0.15			
1.68	0.2			
1.85	0.21			
1.93	0.15			
2	0.1			
2.08	0.04			
2.22	0.05			
2.33	0.12			
2.39	0.2			
2.46	0.25			
2.59	0.26			
2.66	0.2			
2.72	0.13			
2.79	0.04			
1342#	Number	of	data					
#a	b	m	n	R	err			
1	2	3	4	-221.8706 -0.021394
1	2	4	5	-156.9861 0.074112
1	2	5	6	-33.22859 0.013101
1	2	6	7	-22.18720 0.007564
1	2	7	8	-11.43669 0.004632
1	2	8	9	-3.369036 0.000945
1	2	9	10	-0.289203 0.000083
1	2	10	11	-0.280474 0.000083
1	3	5	7	-133.6896 0.062648
1	3	7	9	-31.58536 0.009042
1	3	9	11	-1.089347 0.000489
1	3	11	13	-2.454071 0.000565
1	3	13	15	-1.011966 0.000489
1	3	15	17	-0.801483 0.000346
1	3	17	19	-0.331490 0.000141
1	3	19	21	-0.225439 0.000122
2	3	4	5	-351.4325 0.0000000
2	3	5	6	-48.45678 0.014159
2	3	6	7	-29.78209 0.010012
2	3	7	8	-13.24298 0.007079
2	3	8	9	-3.516157 0.001769
2	3	9	10	-0.262515 0.0000000
2	3	10	11	-0.255916 0.000110
2	3	11	12	-0.490914 0.000221
1	4	7	10	-83.58492 -0.002261
1	4	10	13	-6.405854 -0.000008
1	4	13	16	-3.305268 0.000799
1	4	16	19	-1.348636 0.0000000
1	4	19	22	-0.690196 0.000199
1	4	22	25	-0.814505 0.0000000
1	4	25	28	-0.323865 0.000070
1	4	28	31	-0.249907 0.000070
2	4	6	8	-199.5926 0.0000000
2	4	8	10	-14.02793 0.003438
2	4	10	12	-2.470334 0.000607
2	4	12	14	-3.100331 0.0000000
2	4	14	16	-1.833606 0.000429
2	4	16	18	-0.756529 0.0000000
2	4	18	20	-0.403551 0.000107
2	4	20	22	-0.357808 0.000107
3	4	5	6	-225.2811 0.053753
3	4	6	7	-115.3143 -0.002375
3	4	7	8	-41.16454 -0.000593
3	4	8	9	-9.617077 0.003359
3	4	9	10	-0.622452 0.0000000
3	4	10	11	-0.604952 0.000148
3	4	11	12	-1.117217 0.0000000
3	4	12	13	-1.687595 -0.000000
1	5	9	13	-16.03546 0.006522
1	5	13	17	-7.554177 0.005648
1	5	17	21	-2.165103 0.001153
1	5	21	25	-1.956714 0.001153
1	5	25	29	-0.797384 0.000407
2	5	8	11	-40.44082 -0.000475
2	5	11	14	-11.20792 0.002692
2	5	14	17	-5.130639 -0.000014
2	5	17	20	-1.455544 0.0000000
2	5	20	23	-1.337103 0.0000000
2	5	23	26	-0.969743 0.000237
2	5	26	29	-0.477438 0.000118
2	5	29	32	-0.360875 0.000084
3	5	7	9	-195.4873 0.271723
3	5	9	11	-3.968404 0.001045
3	5	11	13	-8.522911 0.004180
3	5	13	15	-3.270135 0.002337
3	5	15	17	-2.461924 0.001652
3	5	17	19	-0.962507 0.000584
3	5	19	21	-0.644339 0.000320
3	5	21	23	-0.786181 0.000452
4	5	6	7	-405.7397 -0.024339
4	5	7	8	-122.4240 0.124105
4	5	8	9	-22.82091 0.010539
4	5	9	10	-1.422326 -0.000000
4	5	10	11	-1.320494 0.000380
4	5	11	12	-2.472709 0.000537
4	5	12	13	-3.240936 0.001317
4	5	13	14	-0.779930 0.000190
2	6	10	14	-24.44232 -0.000147
2	6	14	18	-8.923315 -0.000009
2	6	18	22	-2.573135 -0.000001
2	6	22	26	-2.285527 -0.000000
2	6	26	30	-0.915933 0.000208
3	6	9	12	-16.09160 0.004762
3	6	12	15	-14.42899 0.005832
3	6	15	18	-4.891929 0.001683
3	6	18	21	-1.824820 0.000729
3	6	21	24	-1.862777 0.000420
3	6	24	27	-0.891306 0.000297
3	6	27	30	-0.643814 0.0000000
4	6	8	10	-76.72176 0.044310
4	6	10	12	-9.903784 0.0000000
4	6	12	14	-8.967616 0.002960
4	6	14	16	-4.451932 0.001813
4	6	16	18	-1.879157 0.0000000
4	6	18	20	-0.974519 0.000261
4	6	20	22	-0.834825 0.000320
4	6	22	24	-1.039559 -0.000000
5	6	7	8	-426.5913 0.649780
5	6	8	9	-50.04356 0.024126
5	6	9	10	-2.420499 -0.000000
5	6	10	11	-2.164598 0.000615
5	6	11	12	-3.945559 0.001231
5	6	12	13	-4.201992 0.001231
5	6	13	14	-0.742524 -0.000000
5	6	14	15	-1.279983 0.0000000
3	7	11	15	-31.04860 0.0000000
3	7	15	19	-7.388307 0.002434
3	7	19	23	-3.041110 0.000860
3	7	23	27	-1.974160 0.000430
3	7	27	31	-1.005466 0.000304
4	7	10	13	-27.52200 0.0000000
4	7	13	16	-7.847182 0.001899
4	7	16	19	-3.532811 -0.000005
4	7	19	22	-1.700770 -0.000000
4	7	22	25	-1.945616 0.000474
4	7	25	28	-0.746428 -0.000000
4	7	28	31	-0.577017 -0.000000
5	7	9	11	-9.763558 0.008370
5	7	11	13	-16.02124 0.012967
5	7	13	15	-3.228229 0.001323
5	7	15	17	-2.810789 0.001871
5	7	17	19	-1.150930 0.000935
5	7	19	21	-0.738595 0.000548
5	7	21	23	-0.868934 0.000661
5	7	23	25	-0.716267 0.000548
6	7	8	9	-59.76766 0.037691
6	7	9	10	-2.870293 0.001053
6	7	10	11	-2.295473 0.001177
6	7	11	12	-4.116973 0.002355
6	7	12	13	-3.742530 0.001053
6	7	13	14	-0.377606 0.000186
6	7	14	15	-0.824408 0.0000000
6	7	15	16	-0.667908 0.0000000
4	8	12	16	-30.10342 -0.000154
4	8	16	20	-5.922766 -0.000009
4	8	20	24	-3.670948 0.0000000
4	8	24	28	-1.659364 0.0000000
4	8	28	32	-1.047793 0.000308
5	8	11	14	-32.61083 0.0000000
5	8	14	17	-8.995791 0.002449
5	8	17	20	-2.488268 0.000866
5	8	20	23	-2.034382 0.000433
5	8	23	26	-1.441278 0.000530
5	8	26	29	-0.684687 0.000216
5	8	29	32	-0.517947 0.0000000
6	8	10	12	-19.42889 0.010681
6	8	12	14	-11.98024 0.004360
6	8	14	16	-4.695862 0.001888
6	8	16	18	-2.062292 0.0000000
6	8	18	20	-1.006925 0.000385
6	8	20	22	-0.795231 0.000272
6	8	22	24	-0.993361 0.000472
6	8	24	26	-0.509956 0.000304
7	8	9	10	-9.154605 0.0000000
7	8	10	11	-5.405629 0.0000000
7	8	11	12	-7.611283 0.002028
7	8	12	13	-6.862088 0.002028
7	8	13	14	-1.001911 0.0000000
7	8	14	15	-1.806152 0.000717
7	8	15	16	-1.401897 0.000507
7	8	16	17	-0.869718 0.000439
5	9	13	17	-28.55510 0.009101
5	9	17	21	-5.566490 0.0000000
5	9	21	25	-4.080941 0.0000000
5	9	25	29	-1.463185 -0.000000
6	9	12	15	-53.12860 0.027105
6	9	15	18	-12.06487 0.004285
6	9	18	21	-3.024152 0.0000000
6	9	21	24	-2.647093 0.000757
6	9	24	27	-1.144570 0.000378
6	9	27	30	-0.781502 0.000328
7	9	11	13	-77.63349 0.023109
7	9	13	15	-13.14031 0.0000000
7	9	15	17	-9.386918 0.003537
7	9	17	19	-2.393480 0.000722
7	9	19	21	-1.284340 0.0000000
7	9	21	23	-1.411183 0.0000000
7	9	23	25	-1.083336 0.000255
7	9	25	27	-0.424521 0.0000000
8	9	10	11	-40.18092 0.046687
8	9	11	12	-35.01541 0.031607
8	9	12	13	-28.18109 0.026099
8	9	13	14	-3.881106 0.003262
8	9	14	15	-6.455329 0.006303
8	9	15	16	-4.787001 0.003767
8	9	16	17	-2.328429 0.001786
8	9	17	18	-0.844446 0.000787
6	10	14	18	-34.94228 0.008651
6	10	18	22	-4.980915 0.001529
6	10	22	26	-3.528338 0.0000000
6	10	26	30	-1.197782 0.0000000
7	10	13	16	-35.14842 0.0000000
7	10	16	19	-8.451748 0.003215
7	10	19	22	-2.582443 0.000928
7	10	22	25	-2.546428 0.0000000
7	10	25	28	-0.799794 0.0000000
7	10	28	31	-0.594551 0.000164
8	10	12	14	-74.33966 0.0000000
8	10	14	16	-22.68052 0.005453
8	10	16	18	-5.533594 0.0000000
8	10	18	20	-1.863613 -0.000002
8	10	20	22	-1.318970 0.000340
8	10	22	24	-1.407023 0.000340
8	10	24	26	-0.621575 0.000241
8	10	26	28	-0.311704 0.000085
9	10	11	12	-72.43470 0.089184
9	10	12	13	-37.79922 0.043758
9	10	13	14	-4.381877 0.004290
9	10	14	15	-6.726605 0.007882
9	10	15	16	-4.691432 0.005469
9	10	16	17	-1.826372 0.001933
9	10	17	18	-0.530867 0.000656
9	10	18	19	-0.500187 0.000568
7	11	15	19	-33.06744 0.007419
7	11	19	23	-5.159225 -0.000010
7	11	23	27	-2.634480 -0.000002
7	11	27	31	-1.094292 0.0000000
8	11	14	17	-52.57721 0.015075
8	11	17	20	-5.074815 -0.000014
8	11	20	23	-3.310129 0.000942
8	11	23	26	-1.832038 0.000471
8	11	26	29	-0.686790 0.000235
8	11	29	32	-0.496261 0.0000000
9	11	13	15	-34.57036 0.011683
9	11	15	17	-18.73648 0.008261
9	11	17	19	-2.590475 0.001264
9	11	19	21	-1.179869 0.000447
9	11	21	23	-1.285225 0.000632
9	11	23	25	-0.857751 0.000258
9	11	25	27	-0.269308 0.000144
9	11	27	29	-0.252080 0.0000000
10	11	12	13	-120.2069 0.100591
10	11	13	14	-9.908447 0.005739
10	11	14	15	-13.56515 0.010889
10	11	15	16	-9.194928 0.009254
10	11	16	17	-3.024696 0.002796
10	11	17	18	-0.799317 0.000848
10	11	18	19	-0.759627 0.000680
10	11	19	20	-0.276691 0.000160
8	12	16	20	-26.59828 0.0000000
8	12	20	24	-8.466148 -0.000020
8	12	24	28	-2.483277 -0.000002
8	12	28	32	-1.296474 0.0000000
9	12	15	18	-63.40015 0.0000000
9	12	18	21	-6.447242 -0.000017
9	12	21	24	-4.834570 0.0000000
9	12	24	27	-1.538735 0.0000000
9	12	27	30	-0.870182 0.0000000
10	12	14	16	-106.0068 0.082587
10	12	16	18	-15.37173 0.016858
10	12	18	20	-3.831930 0.002787
10	12	20	22	-3.007842 0.002686
10	12	22	24	-2.733690 0.002355
10	12	24	26	-1.068089 0.001020
10	12	26	28	-0.481400 0.000372
10	12	28	30	-0.458793 0.000395
11	12	13	14	-41.74464 0.014509
11	12	14	15	-51.51382 0.025131
11	12	15	16	-31.87930 0.020520
11	12	16	17	-9.274505 0.008111
11	12	17	18	-2.290147 0.001813
11	12	18	19	-2.144383 0.001433
11	12	19	20	-0.651164 0.000160
11	12	20	21	-1.211127 0.000906
9	13	17	21	-26.64456 0.015160
9	13	21	25	-12.12467 0.003390
9	13	25	29	-2.687863 0.000847
10	13	16	19	-59.59480 0.115930
10	13	19	22	-10.25942 0.002668
10	13	22	25	-8.160923 0.003267
10	13	25	28	-1.892642 0.000471
10	13	28	31	-1.318367 0.0000000
11	13	15	17	-224.6647 0.328902
11	13	17	19	-16.41585 0.019324
11	13	19	21	-6.465381 0.006269
11	13	21	23	-6.080162 0.007009
11	13	23	25	-3.900361 0.004146
11	13	25	27	-1.140210 0.001175
11	13	27	29	-1.027398 0.001036
11	13	29	31	-0.648987 0.000554
12	13	14	15	-430.2666 0.260316
12	13	15	16	-154.3955 0.148403
12	13	16	17	-29.52391 0.067081
12	13	17	18	-6.136882 0.006301
12	13	18	19	-5.851802 0.005303
12	13	19	20	-2.344794 0.001575
12	13	20	21	-2.257625 0.001701
12	13	21	22	-1.721094 0.001575
10	14	18	22	-24.26667 -0.000481
10	14	22	26	-10.53022 0.002567
10	14	26	30	-2.491862 0.000641
11	14	17	20	-26.44144 0.016353
11	14	20	23	-11.32778 0.006181
11	14	23	26	-5.520956 0.002676
11	14	26	29	-1.748819 0.000546
11	14	29	32	-1.221997 0.0000000
12	14	16	18	-55.65042 0.175238
12	14	18	20	-12.33951 0.010884
12	14	20	22	-5.105003 0.003848
12	14	22	24	-4.865981 0.003650
12	14	24	26	-1.865303 0.001490
12	14	26	28	-0.802723 0.000430
12	14	28	30	-0.749834 0.000481
12	14	30	32	-0.511799 0.000340
13	14	15	16	-164.4470 0.118628
13	14	16	17	-17.33307 0.041462
13	14	17	18	-2.881831 0.003061
13	14	18	19	-2.805889 0.002371
13	14	19	20	-1.333173 0.000967
13	14	20	21	-0.689163 0.000441
13	14	21	22	-0.428916 0.000279
13	14	22	23	-0.653575 0.000503
11	15	19	23	-22.71268 -0.000167
11	15	23	27	-8.209562 0.001899
11	15	27	31	-2.615621 0.000671
12	15	18	21	-26.39722 0.020638
12	15	21	24	-10.67256 0.004468
12	15	24	27	-3.332569 0.002039
12	15	27	30	-1.718249 0.000456
13	15	17	19	-19.23216 0.030426
13	15	19	21	-6.504679 0.008528
13	15	21	23	-3.671936 0.005061
13	15	23	25	-2.502435 0.003083
13	15	25	27	-0.663145 0.000393
13	15	27	29	-0.578625 0.000601
13	15	29	31	-0.357958 0.000350
14	15	16	17	-49.28874 0.266926
14	15	17	18	-6.905667 0.008322
14	15	18	19	-6.642870 0.008020
14	15	19	20	-2.796049 0.002486
14	15	20	21	-1.687109 0.001621
14	15	21	22	-1.098555 0.001146
14	15	22	23	-1.490294 0.001471
14	15	23	24	-1.063375 0.000922
12	16	20	24	-20.92380 -0.000139
12	16	24	28	-5.199296 0.0000000
12	16	28	32	-2.353109 0.000556
13	16	19	22	-14.18092 0.005725
13	16	22	25	-7.843875 0.004526
13	16	25	28	-1.569148 0.000946
13	16	28	31	-1.037681 0.000438
14	16	18	20	-20.66977 0.007769
14	16	20	22	-5.859482 0.003071
14	16	22	24	-5.128803 0.002378
14	16	24	26	-1.816276 0.001189
14	16	26	28	-0.718305 0.000383
14	16	28	30	-0.650626 0.000343
14	16	30	32	-0.440095 0.000242
15	16	17	18	-11.82582 0.002754
15	16	18	19	-8.210691 0.001947
15	16	19	20	-3.113059 0.001192
15	16	20	21	-1.879916 0.0000000
15	16	21	22	-1.217507 -0.000000
15	16	22	23	-1.531626 -0.000001
15	16	23	24	-1.055154 0.000243
15	16	24	25	-0.631786 0.0000000
13	17	21	25	-39.84671 0.012489
13	17	25	29	-4.588176 0.001561
14	17	20	23	-45.53174 0.011526
14	17	23	26	-14.22109 -0.000090
14	17	26	29	-2.733754 0.0000000
14	17	29	32	-1.718219 0.000509
15	17	19	21	-53.10651 -0.001303
15	17	21	23	-22.62597 -0.000162
15	17	23	25	-11.06460 -0.000081
15	17	25	27	-1.877550 0.0000000
15	17	27	29	-1.471131 0.000325
15	17	29	31	-0.855207 0.0000000
16	17	18	19	-117.8092 0.094103
16	17	19	20	-31.36530 0.019208
16	17	20	21	-16.79050 0.013582
16	17	21	22	-9.771425 0.007841
16	17	22	23	-10.11775 0.009195
16	17	23	24	-6.095449 0.004597
16	17	24	25	-3.286480 0.003099
16	17	25	26	-0.909652 0.000883
14	18	22	26	-72.01244 0.019179
14	18	26	30	-6.503098 0.0000000
15	18	21	24	-93.89223 -0.001792
15	18	24	27	-14.61813 0.003585
15	18	27	30	-4.242018 0.0000000
16	18	20	22	-111.4672 0.024611
16	18	22	24	-52.95903 0.012305
16	18	24	26	-12.18153 0.007535
16	18	26	28	-2.845557 0.0000000
16	18	28	30	-2.293791 0.0000000
16	18	30	32	-1.428865 0.000666
17	18	19	20	-150.0369 0.142349
17	18	20	21	-57.42495 0.038983
17	18	21	22	-27.45956 0.022507
17	18	22	23	-23.81764 0.019491
17	18	23	24	-12.89513 0.010273
17	18	24	25	-6.517763 0.006891
17	18	25	26	-1.458498 0.001674
17	18	26	27	-0.848357 0.000574
15	19	23	27	-66.33613 0.0000000
15	19	27	31	-8.096480 -0.000026
16	19	22	25	-131.9340 0.093740
16	19	25	28	-9.296053 0.008540
16	19	28	31	-4.978328 0.004394
17	19	21	23	-149.8445 0.117661
17	19	23	25	-48.01778 0.041599
17	19	25	27	-5.301261 0.005382
17	19	27	29	-3.720615 0.003676
17	19	29	31	-2.044306 0.002025
18	19	20	21	-168.0416 0.041269
18	19	21	22	-58.04377 0.029182
18	19	22	23	-40.33261 0.029182
18	19	23	24	-19.29361 0.012636
18	19	24	25	-9.222523 0.008935
18	19	25	26	-1.900343 0.001880
18	19	26	27	-1.081917 0.000558
18	19	27	28	-1.079238 0.000911
16	20	24	28	-46.34157 0.028996
16	20	28	32	-9.528128 0.003874
17	20	23	26	-97.36484 0.050586
17	20	26	29	-9.211931 0.004999
17	20	29	32	-5.102786 0.003161
18	20	22	24	-169.7851 0.124376
18	20	24	26	-26.71443 0.028667
18	20	26	28	-4.590086 0.002748
18	20	28	30	-3.644566 0.002882
18	20	30	32	-2.151276 0.001843
19	20	21	22	-171.2286 0.199782
19	20	22	23	-79.50704 0.098023
19	20	23	24	-30.37931 0.032595
19	20	24	25	-13.26950 0.019522
19	20	25	26	-2.279896 0.003121
19	20	26	27	-1.252425 0.001083
19	20	27	28	-1.170058 0.001343
19	20	28	29	-1.130645 0.001343
17	21	25	29	-25.37867 0.012458
18	21	24	27	-62.96929 0.052184
18	21	27	30	-11.11851 0.002917
19	21	23	25	-141.7205 0.190057
19	21	25	27	-10.08910 0.014234
19	21	27	29	-6.278195 0.008291
19	21	29	31	-3.237435 0.004034
20	21	22	23	-280.0388 0.260698
20	21	23	24	-70.62881 0.046085
20	21	24	25	-27.35273 0.031552
20	21	25	26	-4.239186 0.004554
20	21	26	27	-2.314422 0.000720
20	21	27	28	-2.139094 0.001905
20	21	28	29	-1.832132 0.001138
20	21	29	30	-1.243727 0.000805
18	22	26	30	-25.58795 0.007380
19	22	25	28	-25.86723 0.016792
19	22	28	31	-10.31422 0.005937
20	22	24	26	-81.26857 0.099382
20	22	26	28	-10.89868 0.006211
20	22	28	30	-6.457396 0.003674
20	22	30	32	-3.561729 0.002196
21	22	23	24	-132.2321 0.103483
21	22	24	25	-43.62479 0.061420
21	22	25	26	-6.015184 0.006755
21	22	26	27	-3.309133 0.001950
21	22	27	28	-3.129382 0.003005
21	22	28	29	-2.075852 0.001950
21	22	29	30	-1.300861 0.000975
21	22	30	31	-0.733949 0.000571
19	23	27	31	-33.54428 0.012087
20	23	26	29	-34.96116 0.015927
20	23	29	32	-13.26639 0.005631
21	23	25	27	-33.27837 0.034752
21	23	27	29	-17.26432 0.016203
21	23	29	31	-6.760924 0.005728
22	23	24	25	-151.4823 0.209729
22	23	25	26	-15.83883 0.012261
22	23	26	27	-8.091357 0.003277
22	23	27	28	-7.105880 0.002837
22	23	28	29	-4.940455 0.002317
22	23	29	30	-3.030067 0.001418
22	23	30	31	-1.690817 0.000709
22	23	31	32	-2.429214 0.001418
20	24	28	32	-35.53048 0.0000000
21	24	27	30	-38.90547 0.023171
22	24	26	28	-33.72513 0.012804
22	24	28	30	-16.93179 0.006402
22	24	30	32	-8.572340 0.003201
23	24	25	26	-22.59685 0.013008
23	24	26	27	-10.16604 0.005142
23	24	27	28	-8.339358 0.003983
23	24	28	29	-5.599280 0.002816
23	24	29	30	-3.348617 0.000813
23	24	30	31	-1.838314 0.000813
23	24	31	32	-2.605396 0.001408
22	25	28	31	-55.17689 0.0000000
23	25	27	29	-71.25134 0.017915
23	25	29	31	-19.83871 -0.000139
24	25	26	27	-65.14263 0.125222
24	25	27	28	-37.27506 0.026808
24	25	28	29	-20.18277 0.011431
24	25	29	30	-9.693373 0.004949
24	25	30	31	-4.989665 0.002020
24	25	31	32	-6.462069 0.004286
23	26	29	32	-95.10163 0.025725
24	26	28	30	-139.4895 0.0000000
24	26	30	32	-45.82350 -0.001119
25	26	27	28	-166.4287 0.231728
25	26	28	29	-77.90356 0.060508
25	26	29	30	-31.74843 0.024702
25	26	30	31	-15.70112 0.012351
25	26	31	32	-18.75529 0.016339
25	27	29	31	-102.1600 0.037665
26	27	28	29	-144.8015 0.114194
26	27	29	30	-37.35046 0.025823
26	27	30	31	-17.31731 0.012911
26	27	31	32	-17.62080 0.018760
26	28	30	32	-107.3112 -0.005234
27	28	29	30	-97.74381 0.057165
27	28	30	31	-37.97476 0.033515
27	28	31	32	-34.83225 0.049506
28	29	30	31	-142.5273 0.121973
28	29	31	32	-98.65991 0.115714
29	30	31	32	-251.0595 0.380122
1	4	2	3	521.3952 0.145577
2	5	3	4	684.0294 0.192093
3	6	4	5	1146.319 0.276692
1	7	3	5	350.0085 0.151301
4	7	5	6	822.7674 0.273642
2	8	4	6	389.7926 0.0000000
5	8	6	7	671.9564 -0.097369
3	9	5	7	214.2284 0.139897
6	9	7	8	659.7071 0.276443
1	10	4	7	154.7167 -0.015185
4	10	6	8	308.5815 -0.056188
7	10	8	9	285.9205 0.0000000
2	11	5	8	175.3232 0.0000000
5	11	7	9	359.6936 0.150552
8	11	9	10	149.5254 -0.030987
3	12	6	9	199.9095 0.0000000
6	12	8	10	215.4027 0.054339
9	12	10	11	214.8807 0.0000000
1	13	5	9	108.6197 0.042251
4	13	7	10	158.7055 0.0000000
7	13	9	11	77.54193 0.025195
10	13	11	12	274.9389 0.215861
2	14	6	10	126.5635 -0.003508
5	14	8	11	120.2939 -0.002322
8	14	10	12	170.2335 0.0000000
11	14	12	13	864.0607 0.0000000
3	15	7	11	101.4171 0.0000000
6	15	9	12	101.5968 0.0000000
9	15	11	13	376.3390 0.112403
12	15	13	14	256.3685 0.131075
1	16	6	11	70.31525 0.0000000
4	16	8	12	74.25449 0.0000000
7	16	10	13	125.1539 0.044464
10	16	12	14	187.8461 -0.015408
13	16	14	15	597.3553 0.787834
2	17	7	12	70.78862 0.028488
5	17	9	13	70.06657 -0.000952
8	17	11	14	101.0217 -0.011671
11	17	13	15	92.34575 0.0000000
14	17	15	16	408.0549 0.097536
3	18	8	13	66.57865 0.0000000
6	18	10	14	75.07408 0.0000000
9	18	12	15	121.4949 0.049440
12	18	14	16	179.1077 0.051285
15	18	16	17	314.4517 0.252952
1	19	7	13	63.36580 0.035895
4	19	9	14	48.92805 -0.000354
7	19	11	15	80.01604 0.034324
10	19	13	16	76.44496 0.048709
13	19	15	17	356.4128 0.105673
16	19	17	18	311.7018 0.344897
2	20	8	14	52.03802 0.0000000
5	20	10	15	59.95822 0.020048
8	20	12	16	75.18301 0.044060
11	20	14	17	138.5972 0.091421
14	20	16	18	269.4546 0.171164
17	20	18	19	450.0779 0.572946
3	21	9	15	43.08018 0.012685
6	21	11	16	68.38852 0.034659
9	21	13	17	90.29902 0.109292
12	21	15	18	201.8926 0.130488
15	21	17	19	256.9636 0.221979
18	21	19	20	493.7018 0.445016
1	22	8	15	43.67903 0.009364
4	22	10	16	47.09488 0.0000000
7	22	12	17	81.07362 0.0000000
10	22	14	18	133.9048 0.037851
13	22	16	19	227.2294 0.064729
16	22	18	20	252.7795 0.196067
19	22	20	21	653.1590 0.476743
2	23	9	16	34.78257 -0.000723
5	23	11	17	61.56912 0.016420
8	23	13	18	75.25512 0.0000000
11	23	15	19	126.8633 0.029327
14	23	17	20	154.8977 0.049893
17	23	19	21	240.5684 0.093618
20	23	21	22	471.8027 0.276203
3	24	10	17	39.00927 0.011548
6	24	12	18	64.09381 0.031272
9	24	14	19	83.42732 0.023131
12	24	16	20	100.0283 0.022775
15	24	18	21	125.3554 0.029533
18	24	20	22	240.3384 0.071538
21	24	22	23	648.7989 0.668025
1	25	9	17	29.30716 0.008847
4	25	11	18	42.71459 -0.000946
7	25	13	19	47.19045 -0.001134
10	25	15	20	65.54730 0.014043
13	25	17	21	78.50169 0.024767
16	25	19	22	77.51758 0.037696
19	25	21	23	255.6865 0.311367
22	25	23	24	339.8539 0.273798
2	26	10	18	33.86211 0.008734
5	26	12	19	47.80917 0.030596
8	26	14	20	51.26470 0.013918
11	26	16	21	60.98861 0.016226
14	26	18	22	74.56774 -0.001572
17	26	20	23	124.8927 0.029845
20	26	22	24	309.6395 0.260750
23	26	24	25	415.4905 0.382773
3	27	11	19	38.08295 0.012712
6	27	13	20	43.54357 0.013954
9	27	15	21	58.77300 0.0000000
12	27	17	22	60.68821 0.0000000
15	27	19	23	85.23830 0.0000000
18	27	21	24	178.7502 0.041186
21	27	23	25	328.4213 0.187877
24	27	25	26	388.6277 0.335949
1	28	10	19	31.75331 0.006861
4	28	12	20	39.39429 -0.000363
7	28	14	21	47.01651 0.0000000
10	28	16	22	53.94961 0.013132
13	28	18	23	78.22383 0.019418
16	28	20	24	88.42137 0.037125
19	28	22	25	240.8659 0.101708
22	28	24	26	344.9229 0.205415
25	28	26	27	331.8818 0.347053
2	29	11	20	33.29476 0.033935
5	29	13	21	37.63288 0.030510
8	29	15	22	44.98917 0.083850
11	29	17	23	54.10721 0.085975
14	29	19	24	73.37158 0.073396
17	29	21	25	122.4286 0.213394
20	29	23	26	252.8883 0.253913
23	29	25	27	231.9965 0.386042
26	29	27	28	433.8801 1.030838
3	30	12	21	32.70697 0.0000000
6	30	14	22	40.08252 0.017985
9	30	16	23	50.06888 0.038166
12	30	18	24	58.87179 0.014396
15	30	20	25	84.18234 0.019868
18	30	22	26	184.3663 0.092651
21	30	24	27	214.1363 0.108202
24	30	26	28	213.7934 0.206313
27	30	28	29	548.1326 0.550642
1	31	11	21	29.87360 0.0000000
4	31	13	22	31.04725 0.0000000
7	31	15	23	42.77377 0.011867
10	31	17	24	49.52048 0.026619
13	31	19	25	73.60472 0.024836
16	31	21	26	107.3942 0.054670
19	31	23	27	178.5403 0.142409
22	31	25	28	184.3315 0.054572
25	31	27	29	308.8315 0.278022
28	31	29	30	514.3688 0.490272
2	32	12	22	28.02727 0.0000000
5	32	14	23	35.36426 0.016233
8	32	16	24	40.64316 0.016109
11	32	18	25	49.17495 0.014596
14	32	20	26	77.50541 -0.003082
17	32	22	27	107.4278 0.0000000
20	32	24	28	141.3859 0.055788
23	32	26	29	140.7897 0.094983
26	32	28	30	281.0821 0.331161
29	32	30	31	300.5720 0.483859
3	4	1	2	-220.5081 0.0000000
4	5	1	2	-158.1514 0.034594
4	5	2	3	-357.1368 0.097849
5	6	1	2	-32.79709 0.0000000
5	6	2	3	-48.25056 0.0000000
5	6	3	4	-221.5776 -0.004827
5	7	1	3	-133.1971 -0.015022
6	7	1	2	-22.16881 0.0000000
6	7	2	3	-30.02121 0.008235
6	7	3	4	-114.3756 0.046588
6	7	4	5	-410.6865 0.208350
6	8	2	4	-197.2627 0.099974
7	8	1	2	-11.14376 0.002845
7	8	2	3	-12.94695 -0.000031
7	8	3	4	-39.77327 -0.000503
7	8	4	5	-121.4616 0.032192
7	8	5	6	-420.9043 0.128769
7	9	1	3	-31.17159 0.007885
7	9	3	5	-194.6313 0.063083
8	9	1	2	-3.481575 -0.000009
8	9	2	3	-3.651397 0.001216
8	9	3	4	-9.919661 0.002432
8	9	4	5	-23.96928 0.006879
8	9	5	6	-52.16700 0.0000000
8	9	6	7	-62.18368 0.0000000
7	10	1	4	-81.92103 0.041072
8	10	2	4	-14.43303 -0.000319
8	10	4	6	-79.90353 -0.005119
9	10	1	2	-0.285095 0.000136
9	10	2	3	-0.259849 0.000068
9	10	3	4	-0.615274 0.000192
9	10	4	5	-1.429458 -0.000002
9	10	5	6	-2.408329 0.000544
9	10	6	7	-2.864474 0.001541
9	10	7	8	-9.112504 0.003774
8	11	2	5	-41.96616 0.0000000
9	11	1	3	-1.078173 0.000556
9	11	3	5	-3.979146 0.001723
9	11	5	7	-9.775587 0.002814
10	11	1	2	-0.278965 0.000342
10	11	2	3	-0.254252 0.000336
10	11	3	4	-0.599471 0.000734
10	11	4	5	-1.336066 0.001649
10	11	5	6	-2.179467 0.002651
10	11	6	7	-2.324372 0.003012
10	11	7	8	-5.494807 0.006735
10	11	8	9	-41.47044 0.075441
9	12	3	6	-15.99276 0.006037
10	12	2	4	-2.413077 0.002308
10	12	4	6	-9.855156 0.007429
10	12	6	8	-19.44802 0.018471
11	12	2	3	-0.476737 0.000551
11	12	3	4	-1.082878 0.001237
11	12	4	5	-2.446148 0.002432
11	12	5	6	-3.898926 0.003560
11	12	6	7	-4.075210 0.003677
11	12	7	8	-7.568114 0.007581
11	12	8	9	-35.34335 0.050956
11	12	9	10	-73.08054 0.197352
9	13	1	5	-16.02303 -0.000084
10	13	1	4	-6.341245 0.001870
10	13	4	7	-27.62354 0.010583
11	13	1	3	-2.426028 0.002868
11	13	3	5	-8.536890 0.008886
11	13	5	7	-16.03980 0.018920
11	13	7	9	-78.94647 0.113150
12	13	3	4	-1.695957 0.001611
12	13	4	5	-3.302534 0.003462
12	13	5	6	-4.274086 0.003998
12	13	6	7	-3.792870 0.003897
12	13	7	8	-6.993852 0.007372
12	13	8	9	-29.05282 0.033548
12	13	9	10	-38.77822 0.037848
12	13	10	11	-121.8523 0.028610
10	14	2	6	-24.50557 0.005710
11	14	2	5	-11.21192 0.003325
11	14	5	8	-32.74152 0.0000000
12	14	2	4	-3.105273 0.002694
12	14	4	6	-9.113147 0.007619
12	14	6	8	-12.16578 0.010080
12	14	8	10	-76.02837 0.080641
13	14	4	5	-0.780922 0.000790
13	14	5	6	-0.745472 0.000585
13	14	6	7	-0.370528 0.000153
13	14	7	8	-1.002640 0.000749
13	14	8	9	-3.933572 0.002998
13	14	9	10	-4.387926 0.003739
13	14	10	11	-9.883093 0.005653
13	14	11	12	-41.05597 0.029915
11	15	3	7	-31.07143 0.0000000
12	15	3	6	-14.57629 -0.000052
12	15	6	9	-54.44316 -0.000832
13	15	1	3	-0.999116 0.001205
13	15	3	5	-3.253137 0.003603
13	15	5	7	-3.216720 0.002614
13	15	7	9	-13.31830 0.012374
13	15	9	11	-34.73861 0.028061
14	15	5	6	-1.283268 0.000855
14	15	6	7	-0.815508 0.000722
14	15	7	8	-1.805454 0.001647
14	15	8	9	-6.565787 0.004836
14	15	9	10	-6.781243 0.005170
14	15	10	11	-13.63020 0.011562
14	15	11	12	-51.44071 0.038695
14	15	12	13	-446.0140 0.286603
12	16	4	8	-30.44103 0.011220
13	16	1	4	-3.266417 0.001747
13	16	4	7	-7.830648 0.002018
13	16	7	10	-35.51248 0.011417
14	16	2	4	-1.811678 0.001297
14	16	4	6	-4.458657 0.002594
14	16	6	8	-4.683564 0.001641
14	16	8	10	-22.94195 0.006564
14	16	10	12	-105.7707 0.045481
15	16	6	7	-0.656769 0.0000000
15	16	7	8	-1.405511 0.000876
15	16	8	9	-4.859776 0.001874
15	16	9	10	-4.695090 0.002295
15	16	10	11	-9.200922 0.005928
15	16	11	12	-31.44460 0.018367
15	16	12	13	-157.4949 0.119975
15	16	13	14	-164.1161 0.084835
13	17	1	5	-7.519224 0.0000000
13	17	5	9	-28.90443 0.013178
14	17	2	5	-5.114830 0.001534
14	17	5	8	-9.012336 -0.000023
14	17	8	11	-53.06190 0.017359
15	17	1	3	-0.799851 0.0000000
15	17	3	5	-2.460330 -0.000001
15	17	5	7	-2.815132 -0.000002
15	17	7	9	-9.531413 0.0000000
15	17	9	11	-18.74599 -0.000093
15	17	11	13	-227.9518 -0.023859
16	17	7	8	-0.882583 0.000971
16	17	8	9	-2.386712 0.002468
16	17	9	10	-1.838144 0.001703
16	17	10	11	-3.023244 0.002950
16	17	11	12	-9.161944 0.007770
16	17	12	13	-29.92170 0.024381
16	17	13	14	-17.19600 0.009637
16	17	14	15	-49.00636 0.034480
14	18	2	6	-8.928236 0.0000000
14	18	6	10	-35.32436 0.009678
15	18	3	6	-4.903827 0.0000000
15	18	6	9	-12.24771 0.003014
15	18	9	12	-63.01395 -0.001507
16	18	2	4	-0.756115 0.000663
16	18	4	6	-1.902293 0.001452
16	18	6	8	-2.081155 0.001569
16	18	8	10	-5.634403 0.003751
16	18	10	12	-15.30952 0.012097
16	18	12	14	-56.59717 0.044511
17	18	8	9	-0.865870 0.001102
17	18	9	10	-0.538201 0.000726
17	18	10	11	-0.806630 0.001216
17	18	11	12	-2.299429 0.003378
17	18	12	13	-6.389689 0.009376
17	18	13	14	-2.998778 0.004732
17	18	14	15	-7.145983 0.012471
17	18	15	16	-11.95876 0.018387
15	19	3	7	-7.360408 0.002534
15	19	7	11	-33.29516 -0.000224
16	19	1	4	-1.334811 0.001435
16	19	4	7	-3.534714 0.003164
16	19	7	10	-8.551146 0.007520
16	19	10	13	-60.44502 0.045948
17	19	1	3	-0.324330 0.000415
17	19	3	5	-0.948807 0.001175
17	19	5	7	-1.134184 0.001287
17	19	7	9	-2.406329 0.002899
17	19	9	11	-2.592915 0.003189
17	19	11	13	-16.74741 0.019184
17	19	13	15	-19.61795 0.024956
18	19	9	10	-0.494887 0.000482
18	19	10	11	-0.749865 0.000815
18	19	11	12	-2.108338 0.002062
18	19	12	13	-5.929336 0.005258
18	19	13	14	-2.813953 0.002418
18	19	14	15	-6.638156 0.006013
18	19	15	16	-8.053506 0.005456
18	19	16	17	-115.1804 0.087311
16	20	4	8	-5.933378 0.002156
16	20	8	12	-26.52488 0.010563
17	20	2	5	-1.437995 0.001027
17	20	5	8	-2.463183 0.001452
17	20	8	11	-5.084398 0.003473
17	20	11	14	-26.93622 0.019647
18	20	2	4	-0.392926 0.000414
18	20	4	6	-0.959400 0.000966
18	20	6	8	-0.986274 0.000940
18	20	8	10	-1.854409 0.001881
18	20	10	12	-3.723839 0.004523
18	20	12	14	-12.50647 0.011767
18	20	14	16	-20.68130 0.021288
19	20	10	11	-0.264197 0.000385
19	20	11	12	-0.597163 0.000799
19	20	12	13	-2.369719 0.002339
19	20	13	14	-1.373012 0.001245
19	20	14	15	-2.827059 0.002833
19	20	15	16	-3.110049 0.002833
19	20	16	17	-31.16989 0.032780
19	20	17	18	-144.5215 0.066970
17	21	1	5	-2.152377 0.001308
17	21	5	9	-5.601008 0.002926
17	21	9	13	-27.14430 0.012825
18	21	3	6	-1.817842 0.001501
18	21	6	9	-3.033992 0.001678
18	21	9	12	-6.393633 0.004980
18	21	12	15	-26.82081 0.015890
19	21	1	3	-0.228005 0.000357
19	21	3	5	-0.650731 0.000994
19	21	5	7	-0.745639 0.001039
19	21	7	9	-1.315085 0.001832
19	21	9	11	-1.184466 0.001766
19	21	11	13	-6.589700 0.008978
19	21	13	15	-6.654724 0.008540
19	21	15	17	-53.52346 0.081445
20	21	11	12	-1.245736 0.001612
20	21	12	13	-2.364018 0.002310
20	21	13	14	-0.710843 0.000265
20	21	14	15	-1.741934 0.001243
20	21	15	16	-1.906508 0.001298
20	21	16	17	-17.32240 0.018967
20	21	17	18	-58.76151 0.053647
20	21	18	19	-174.1695 -0.008482
18	22	2	6	-2.557439 -0.000003
18	22	6	10	-4.993187 0.0000000
18	22	10	14	-24.55232 0.0000000
19	22	1	4	-0.688000 0.000481
19	22	4	7	-1.708666 0.001218
19	22	7	10	-2.619616 0.001218
19	22	10	13	-10.41227 0.004872
19	22	13	16	-14.39346 0.006890
20	22	2	4	-0.360152 0.000279
20	22	4	6	-0.844143 0.000559
20	22	6	8	-0.799076 0.000685
20	22	8	10	-1.352247 0.000936
20	22	10	12	-3.048297 0.002830
20	22	12	14	-5.257178 0.002830
20	22	14	16	-5.951305 0.002830
20	22	16	18	-113.3068 0.090567
21	22	12	13	-1.746642 0.001658
21	22	13	14	-0.430912 0.000374
21	22	14	15	-1.103211 0.001030
21	22	15	16	-1.199062 0.001172
21	22	16	17	-9.802462 0.009797
21	22	17	18	-27.26054 0.023999
21	22	18	19	-58.61033 0.027712
21	22	19	20	-170.2897 0.119731
19	23	3	7	-3.025587 0.001057
19	23	7	11	-5.183686 0.0000000
19	23	11	15	-23.00142 0.0000000
20	23	2	5	-1.328221 0.000656
20	23	5	8	-2.024292 0.000830
20	23	8	11	-3.344057 0.001660
20	23	11	14	-11.49351 0.004697
20	23	14	17	-46.18602 0.013286
21	23	3	5	-0.773420 0.000800
21	23	5	7	-0.854154 0.000864
21	23	7	9	-1.410291 0.001424
21	23	9	11	-1.271034 0.001307
21	23	11	13	-6.076553 0.006131
21	23	13	15	-3.663506 0.003333
21	23	15	17	-22.59607 0.020917
21	23	17	19	-149.6762 0.138748
22	23	13	14	-0.649895 0.000202
22	23	14	15	-1.477562 0.000906
22	23	15	16	-1.488772 0.000993
22	23	16	17	-10.09891 0.005617
22	23	17	18	-23.50920 0.014505
22	23	18	19	-40.25616 0.015890
22	23	19	20	-79.11918 0.025948
22	23	20	21	-284.2901 0.0000000
20	24	4	8	-3.646627 0.000866
20	24	8	12	-8.486720 0.002450
20	24	12	16	-21.13629 -0.000108
21	24	3	6	-1.834722 0.000961
21	24	6	9	-2.634891 0.001923
21	24	9	12	-4.765011 0.003218
21	24	12	15	-10.69117 0.005439
21	24	15	18	-93.34814 0.061543
22	24	4	6	-1.025436 0.000623
22	24	6	8	-0.976576 0.000696
22	24	8	10	-1.402402 0.000824
22	24	10	12	-2.679194 0.001971
22	24	12	14	-4.867908 0.002787
22	24	14	16	-5.050315 0.003053
22	24	16	18	-52.54190 0.034549
22	24	18	20	-169.1366 0.105550
23	24	14	15	-1.054469 0.000305
23	24	15	16	-1.026944 0.000431
23	24	16	17	-6.109261 0.002990
23	24	17	18	-12.78330 0.005981
23	24	18	19	-19.28367 0.0000000
23	24	19	20	-30.44071 0.009767
23	24	20	21	-72.00105 0.019535
23	24	21	22	-133.2977 0.039070
21	25	1	5	-1.929924 0.000984
21	25	5	9	-4.073520 0.001969
21	25	9	13	-12.12940 0.007044
21	25	13	17	-39.94448 0.024403
22	25	1	4	-0.798240 0.0000000
22	25	4	7	-1.926591 0.000429
22	25	7	10	-2.547483 0.000858
22	25	10	13	-8.155508 0.002427
22	25	13	16	-7.790291 -0.000013
22	25	16	19	-131.5411 0.0000000
23	25	5	7	-0.713013 0.000261
23	25	7	9	-1.095579 0.000585
23	25	9	11	-0.853961 0.000453
23	25	11	13	-3.924668 0.001815
23	25	13	15	-2.513538 0.001047
23	25	15	17	-11.16519 0.005928
23	25	17	19	-48.16911 0.023712
23	25	19	21	-144.5890 0.074985
24	25	15	16	-0.632420 0.000589
24	25	16	17	-3.390154 0.002913
24	25	17	18	-6.630462 0.005827
24	25	18	19	-9.437439 0.007228
24	25	19	20	-13.60120 0.012929
24	25	20	21	-28.41979 0.025038
24	25	21	22	-44.79255 0.040888
24	25	22	23	-153.3131 0.141640
22	26	2	6	-2.264638 -0.000001
22	26	6	10	-3.524315 -0.000010
22	26	10	14	-10.52920 0.002415
22	26	14	18	-71.86511 -0.003415
23	26	2	5	-0.965297 0.0000000
23	26	5	8	-1.436052 0.000475
23	26	8	11	-1.842806 0.000475
23	26	11	14	-5.556164 0.0000000
23	26	14	17	-14.36215 0.005384
23	26	17	20	-98.07763 0.037303
24	26	6	8	-0.512875 0.000288
24	26	8	10	-0.637737 0.000432
24	26	10	12	-1.071234 0.000706
24	26	12	14	-1.913832 0.001153
24	26	14	16	-1.831696 0.001153
24	26	16	18	-12.45446 0.007994
24	26	18	20	-27.35779 0.017270
24	26	20	22	-83.91374 0.055389
25	26	16	17	-0.941481 0.000761
25	26	17	18	-1.488562 0.001191
25	26	18	19	-1.940773 0.001343
25	26	19	20	-2.368957 0.001606
25	26	20	21	-4.455425 0.003212
25	26	21	22	-6.231147 0.004976
25	26	22	23	-16.25975 0.012848
25	26	23	24	-23.44958 0.018170
23	27	3	7	-1.964272 0.0000000
23	27	7	11	-2.646488 0.000731
23	27	11	15	-8.249019 0.002068
23	27	15	19	-66.57272 0.016547
24	27	3	6	-0.896649 -0.000000
24	27	6	9	-1.162341 0.0000000
24	27	9	12	-1.539090 -0.000002
24	27	12	15	-3.394061 0.000810
24	27	15	18	-14.87695 0.0000000
24	27	18	21	-64.84658 0.0000000
25	27	7	9	-0.429336 0.000408
25	27	9	11	-0.267610 0.000260
25	27	11	13	-1.143093 0.000999
25	27	13	15	-0.664520 0.000520
25	27	15	17	-1.903370 0.001526
25	27	17	19	-5.317162 0.003264
25	27	19	21	-10.36579 0.004617
25	27	21	23	-33.62446 0.022619
26	27	17	18	-0.830367 0.000766
26	27	18	19	-1.055200 0.000899
26	27	19	20	-1.231421 0.001084
26	27	20	21	-2.306396 0.001798
26	27	21	22	-3.254056 0.003066
26	27	22	23	-7.863666 0.007192
26	27	23	24	-10.03329 0.008674
26	27	24	25	-64.12560 0.024535
24	28	4	8	-1.661065 0.0000000
24	28	8	12	-2.491482 0.000676
24	28	12	16	-5.250250 -0.000010
24	28	16	20	-47.13775 0.015310
25	28	1	4	-0.318186 0.000194
25	28	4	7	-0.739011 0.000274
25	28	7	10	-0.802257 0.000388
25	28	10	13	-1.887051 0.000897
25	28	13	16	-1.556224 0.000777
25	28	16	19	-9.314403 0.004398
25	28	19	22	-26.35915 0.012440
26	28	8	10	-0.312569 0.000221
26	28	10	12	-0.469381 0.000343
26	28	12	14	-0.800506 0.000524
26	28	14	16	-0.703741 0.000524
26	28	16	18	-2.821357 0.001940
26	28	18	20	-4.524151 0.002964
26	28	20	22	-10.88844 0.007762
26	28	22	24	-33.33890 0.023716
27	28	18	19	-1.061678 0.000639
27	28	19	20	-1.169663 0.000738
27	28	20	21	-2.169231 0.001476
27	28	21	22	-3.134996 0.002214
27	28	22	23	-7.032203 0.005523
27	28	23	24	-8.341718 0.006263
27	28	24	25	-37.15194 0.011810
27	28	25	26	-162.9082 0.133620
25	29	1	5	-0.791517 0.000965
25	29	5	9	-1.462072 0.001660
25	29	9	13	-2.683472 0.003272
25	29	13	17	-4.624826 0.005464
25	29	17	21	-25.77086 0.029537
26	29	2	5	-0.471996 0.000620
26	29	5	8	-0.676078 0.000800
26	29	8	11	-0.686528 0.000847
26	29	11	14	-1.739703 0.002219
26	29	14	17	-2.735434 0.003680
26	29	17	20	-9.148934 0.011745
26	29	20	23	-34.78119 0.044689
27	29	9	11	-0.249684 0.000458
27	29	11	13	-1.022030 0.001747
27	29	13	15	-0.575125 0.000965
27	29	15	17	-1.479579 0.002633
27	29	17	19	-3.691621 0.006305
27	29	19	21	-6.390420 0.010768
27	29	21	23	-17.24758 0.030889
27	29	23	25	-72.13764 0.094369
28	29	19	20	-1.152010 0.002079
28	29	20	21	-1.881926 0.003161
28	29	21	22	-2.101073 0.003561
28	29	22	23	-4.957912 0.008767
28	29	23	24	-5.678743 0.009919
28	29	24	25	-20.66229 0.027614
28	29	25	26	-78.94509 0.143061
28	29	26	27	-149.8321 0.231360
26	30	2	6	-0.916929 0.000281
26	30	6	10	-1.196475 0.000397
26	30	10	14	-2.489164 0.000974
26	30	14	18	-6.507608 0.001590
26	30	18	22	-25.73069 0.006363
27	30	3	6	-0.646759 0.000556
27	30	6	9	-0.781631 0.000760
27	30	9	12	-0.860593 0.000837
27	30	12	15	-1.726445 0.001574
27	30	15	18	-4.263652 0.004144
27	30	18	21	-11.28895 0.010282
27	30	21	24	-39.11033 0.035618
28	30	10	12	-0.456007 0.000450
28	30	12	14	-0.760015 0.000779
28	30	14	16	-0.646889 0.000697
28	30	16	18	-2.326014 0.002416
28	30	18	20	-3.690752 0.003945
28	30	20	22	-6.597771 0.006238
28	30	22	24	-17.11604 0.017047
28	30	24	26	-141.7514 0.126264
29	30	20	21	-1.290658 0.002201
29	30	21	22	-1.325694 0.002328
29	30	22	23	-3.060330 0.005392
29	30	23	24	-3.425911 0.005922
29	30	24	25	-9.944568 0.016076
29	30	25	26	-32.16975 0.058027
29	30	26	27	-38.59916 0.060519
29	30	27	28	-98.52421 0.184462
27	31	3	7	-0.997104 0.000267
27	31	7	11	-1.095730 0.0000000
27	31	11	15	-2.607984 -0.000002
27	31	15	19	-8.082285 -0.000023
27	31	19	23	-33.70282 -0.000377
28	31	1	4	-0.249101 0.000179
28	31	4	7	-0.575046 0.000456
28	31	7	10	-0.599735 0.000438
28	31	10	13	-1.319332 0.001013
28	31	13	16	-1.029363 0.000801
28	31	16	19	-4.994382 0.003791
28	31	19	22	-10.48357 0.007582
28	31	22	25	-56.12984 0.016212
29	31	11	13	-0.650357 0.001202
29	31	13	15	-0.358556 0.000678
29	31	15	17	-0.865019 0.001661
29	31	17	19	-2.040887 0.003881
29	31	19	21	-3.302188 0.006208
29	31	21	23	-6.748498 0.012969
29	31	23	25	-20.10925 0.033819
29	31	25	27	-103.7608 0.193177
30	31	21	22	-0.716033 0.000619
30	31	22	23	-1.639407 0.001430
30	31	23	24	-1.803746 0.001567
30	31	24	25	-4.913278 0.004047
30	31	25	26	-15.34418 0.014019
30	31	26	27	-17.40126 0.013543
30	31	27	28	-36.81315 0.040952
30	31	28	29	-145.2061 0.040952
28	32	4	8	-1.036185 0.000256
28	32	8	12	-1.283992 0.000628
28	32	12	16	-2.334356 0.001147
28	32	16	20	-9.533179 0.005431
28	32	20	24	-35.56415 0.016422
29	32	2	5	-0.356838 0.000584
29	32	5	8	-0.510025 0.000863
29	32	8	11	-0.495367 0.000804
29	32	11	14	-1.211754 0.002019
29	32	14	17	-1.712638 0.003025
29	32	17	20	-5.067892 0.008921
29	32	20	23	-13.18063 0.022850
29	32	23	26	-94.68823 0.167685
30	32	12	14	-0.502335 0.000574
30	32	14	16	-0.423588 0.000537
30	32	16	18	-1.399984 0.001690
30	32	18	20	-2.102957 0.002568
30	32	20	22	-3.505028 0.003979
30	32	22	24	-8.336570 0.010776
30	32	24	26	-44.72047 0.060959
30	32	26	28	-104.7890 0.182568
31	32	22	23	-2.339439 0.002926
31	32	23	24	-2.542225 0.003084
31	32	24	25	-6.291810 0.007964
31	32	25	26	-18.09031 0.027772
31	32	26	27	-17.31061 0.030222
31	32	27	28	-33.07963 0.081095
31	32	28	29	-99.79354 0.025485
31	32	29	30	-250.1243 0.176570
2	3	1	4	525.0744 0.0000000
3	4	2	5	683.0164 0.170676
3	5	1	7	356.6715 0.096009
4	5	3	6	1159.431 0.302933
4	6	2	8	394.6265 -0.011880
5	6	4	7	831.4166 0.218813
4	7	1	10	156.6493 0.086891
5	7	3	9	214.7439 0.0000000
6	7	5	8	679.1294 0.476433
5	8	2	11	175.2567 0.055689
6	8	4	10	307.5744 0.141888
7	8	6	9	659.1902 0.0000000
5	9	1	13	109.2450 -0.006486
6	9	3	12	200.7082 0.094909
7	9	5	11	358.6422 0.089157
8	9	7	10	292.6999 0.0000000
6	10	2	14	126.8963 0.035167
7	10	4	13	157.5465 0.046689
8	10	6	12	218.6636 0.0000000
9	10	8	11	149.6856 0.257938
6	11	1	16	71.00256 0.018502
7	11	3	15	101.4018 0.0000000
8	11	5	14	122.3493 0.046440
9	11	7	13	78.44222 0.029343
10	11	9	12	220.1087 0.366192
7	12	2	17	70.60129 0.026115
8	12	4	16	75.17499 0.022848
9	12	6	15	101.3731 0.042963
10	12	8	14	170.3455 0.224385
11	12	10	13	275.5270 0.0000000
7	13	1	19	63.81130 -0.003219
8	13	3	18	67.27905 0.036047
9	13	5	17	70.46162 0.054306
10	13	7	16	127.6800 0.198244
11	13	9	15	380.6520 0.653690
12	13	11	14	883.1721 0.527527
8	14	2	20	52.45079 -0.000756
9	14	4	19	49.21190 0.013791
10	14	6	18	75.52488 0.021274
11	14	8	17	101.6565 0.105226
12	14	10	16	192.4377 0.223534
13	14	12	15	254.9340 0.248114
8	15	1	22	43.84039 -0.000647
9	15	3	21	42.98441 0.020623
10	15	5	20	60.10876 0.033627
11	15	7	19	80.51934 0.061178
12	15	9	18	123.2192 0.073821
13	15	11	17	93.25585 0.114513
14	15	13	16	613.4926 0.724914
9	16	2	23	34.67603 0.008480
10	16	4	22	46.90420 0.012715
11	16	6	21	68.27781 0.035276
12	16	8	20	75.65616 0.040639
13	16	10	19	76.94390 0.117989
14	16	12	18	179.4931 0.152987
15	16	14	17	409.5465 0.359026
9	17	1	25	29.33636 0.009338
10	17	3	24	39.01985 0.014213
11	17	5	23	61.65929 0.019190
12	17	7	22	81.40010 0.032559
13	17	9	21	90.61522 0.089161
14	17	11	20	139.7781 0.032571
15	17	13	19	361.6820 0.136940
16	17	15	18	316.7647 0.353207
10	18	2	26	33.91040 -0.000620
11	18	4	25	42.70431 0.017841
12	18	6	24	64.30435 0.026084
13	18	8	23	75.40256 0.028096
14	18	10	22	134.2307 0.055324
15	18	12	21	201.8760 0.103648
16	18	14	20	274.8839 0.378988
17	18	16	19	326.4233 0.397807
10	19	1	28	31.69616 0.020536
11	19	3	27	37.89390 0.015740
12	19	5	26	47.76352 0.024623
13	19	7	25	47.00567 0.019117
14	19	9	24	83.14359 0.032412
15	19	11	23	126.1798 0.046549
16	19	13	22	226.6701 0.269333
17	19	15	21	252.4382 0.301466
18	19	17	20	442.9182 0.297141
11	20	2	29	33.25689 0.013485
12	20	4	28	39.43967 0.010916
13	20	6	27	43.47190 0.016718
14	20	8	26	51.36588 0.020207
15	20	10	25	65.76727 0.029909
16	20	12	24	100.0918 0.103047
17	20	14	23	155.5561 0.203117
18	20	16	22	252.7444 0.289401
19	20	18	21	497.9047 0.500775
11	21	1	31	29.83695 0.017738
12	21	3	30	32.77224 0.021823
13	21	5	29	37.70289 0.028562
14	21	7	28	47.28766 0.026675
15	21	9	27	59.14428 0.049258
16	21	11	26	61.65948 0.080557
17	21	13	25	79.41812 0.120248
18	21	15	24	126.5548 0.177780
19	21	17	23	245.7085 0.372653
20	21	19	22	669.2071 0.340312
12	22	2	32	27.97507 -0.000238
13	22	4	31	30.94405 0.0000000
14	22	6	30	40.10563 0.0000000
15	22	8	29	45.11558 0.010425
16	22	10	28	54.43151 0.027541
17	22	12	27	60.91417 0.030858
18	22	14	26	75.53988 0.030060
19	22	16	25	78.91122 0.098275
20	22	18	24	243.5905 0.262058
21	22	20	23	473.3756 0.471510
14	23	5	32	35.16002 0.008869
15	23	7	31	42.58014 0.0000000
16	23	9	30	50.09661 0.0000000
17	23	11	29	54.11071 0.0000000
18	23	13	28	78.63302 0.0000000
19	23	15	27	85.77580 0.081147
20	23	17	26	125.9722 0.097183
21	23	19	25	255.4136 0.224835
22	23	21	24	649.4050 0.459713
16	24	8	32	40.43541 0.011333
17	24	10	31	49.28288 -0.001045
18	24	12	30	58.75187 0.015929
19	24	14	29	73.76625 0.087773
20	24	16	28	89.13656 0.062463
21	24	18	27	178.3218 0.206130
22	24	20	26	309.6353 0.300319
23	24	22	25	344.5818 0.207441
18	25	11	32	48.87638 0.0000000
19	25	13	31	73.68538 0.074469
20	25	15	30	84.65135 0.052822
21	25	17	29	122.8275 0.104144
22	25	19	28	242.1149 0.163299
23	25	21	27	332.9346 0.262907
24	25	23	26	419.5603 0.580710
20	26	14	32	76.79683 -0.001767
21	26	16	31	106.4187 0.061015
22	26	18	30	183.8227 0.054962
23	26	20	29	253.5007 0.152228
24	26	22	28	347.5615 0.290642
25	26	24	27	384.6597 0.555127
22	27	17	32	105.9317 0.0000000
23	27	19	31	178.1938 -0.012211
24	27	21	30	216.0479 0.0000000
25	27	23	29	233.1183 0.216604
26	27	25	28	340.5895 0.388359
24	28	20	32	139.7574 0.109317
25	28	22	31	182.5952 0.078453
26	28	24	30	213.0023 0.124011
27	28	26	29	425.6824 0.312144
26	29	23	32	139.8249 0.129488
27	29	25	31	308.7451 0.403825
28	29	27	30	560.2754 0.736456
28	30	26	32	285.1161 0.261492
29	30	28	31	516.9086 0.701478
30	31	29	32	304.7386 0.120354