32#	Number	of	sensors
#x	z			
0	0.06			
0.1	0.15			
0.15	0.2			
0.24	0.22			
0.36	0.22			
0.43	0.19			
0.51	0.13			
0.57	0.04			
0.74	0.04			
0.82	0.12			
0.93	0.19			
1	0.23			
1.1	0.22			
1.19	0.17			
1.24	0.11			
1.33	0.02			
1.5	0.02			
1.56	0.11			
1.63	0.15			
1.68	0.2			
1.85	0.21			
1.93	0.15			
2	0.1			
2.08	0.04			
2.22	0.05			
2.33	0.12			
2.39	0.2			
2.46	0.25			
2.59	0.26			
2.66	0.2			
2.72	0.13			
2.79	0.04			
1342#	Number	of	data					
#a	b	m	n	R	err			
1	2	3	4	-226.8001 0.0000000
1	2	4	5	-188.4230 0.114609
1	2	5	6	-41.93041 0.016542
1	2	6	7	-21.03697 0.010130
1	2	7	8	-11.09975 0.005065
1	2	8	9	-4.207365 0.001462
1	2	9	10	-0.419245 0.000182
1	2	10	11	-0.264017 0.000091
1	3	5	7	-164.8808 -0.012962
1	3	7	9	-34.50831 0.0000000
1	3	9	11	-1.394422 0.0000000
1	3	11	13	-2.497536 0.0000000
1	3	13	15	-0.730362 0.0000000
1	3	15	17	-0.708951 0.0000000
1	3	17	19	-0.240241 -0.000000
1	3	19	21	-0.233289 0.000087
2	3	4	5	-462.7051 0.176848
2	3	5	6	-70.20912 0.044212
2	3	6	7	-31.79725 0.015631
2	3	7	8	-14.39090 0.007134
2	3	8	9	-4.811655 0.001953
2	3	9	10	-0.443006 0.000199
2	3	10	11	-0.267739 0.000141
2	3	11	12	-0.517684 0.0000000
1	4	7	10	-87.55700 0.0000000
1	4	10	13	-6.618607 0.0000000
1	4	13	16	-2.293452 0.000975
1	4	16	19	-1.281556 0.000344
1	4	19	22	-0.650711 -0.000000
1	4	22	25	-0.629426 0.0000000
1	4	25	28	-0.235802 0.0000000
1	4	28	31	-0.236621 0.000136
2	4	6	8	-184.1684 0.044111
2	4	8	10	-18.24876 0.003898
2	4	10	12	-2.622635 0.0000000
2	4	12	14	-3.010331 0.0000000
2	4	14	16	-1.277862 0.000344
2	4	16	18	-0.803638 0.000172
2	4	18	20	-0.333855 0.000086
2	4	20	22	-0.319951 0.000086
3	4	5	6	-254.3813 0.191849
3	4	6	7	-98.88522 0.021449
3	4	7	8	-39.18956 0.021449
3	4	8	9	-11.93607 0.004643
3	4	9	10	-1.058325 0.000335
3	4	10	11	-0.631321 0.000335
3	4	11	12	-1.206638 0.000335
3	4	12	13	-1.752845 0.000670
1	5	9	13	-19.94969 0.0000000
1	5	13	17	-6.739141 0.004062
1	5	17	21	-2.060679 0.0000000
1	5	21	25	-1.663029 -0.000000
1	5	25	29	-0.702603 -0.000000
2	5	8	11	-58.17311 0.0000000
2	5	11	14	-12.48666 0.003300
2	5	14	17	-4.768999 0.002021
2	5	17	20	-1.334520 0.0000000
2	5	20	23	-1.201619 0.000412
2	5	23	26	-0.908738 0.000291
2	5	26	29	-0.452059 0.000145
2	5	29	32	-0.323316 0.000072
3	5	7	9	-223.1209 0.222927
3	5	9	11	-6.120166 0.003115
3	5	11	13	-9.963345 0.005087
3	5	13	15	-2.732726 0.001422
3	5	15	17	-2.534786 0.001422
3	5	17	19	-0.809146 0.000449
3	5	19	21	-0.775372 0.000635
3	5	21	23	-0.620494 0.000317
4	5	6	7	-425.7535 0.113587
4	5	7	8	-137.6421 0.113587
4	5	8	9	-34.60814 0.010039
4	5	9	10	-2.839042 0.001537
4	5	10	11	-1.602339 0.000768
4	5	11	12	-2.922303 0.001254
4	5	12	13	-4.094635 0.002173
4	5	13	14	-0.740107 0.000350
2	6	10	14	-27.50142 0.0000000
2	6	14	18	-8.854945 0.0000000
2	6	18	22	-2.585086 0.0000000
2	6	22	26	-2.054706 0.000880
2	6	26	30	-0.912826 0.000440
3	6	9	12	-21.47261 0.006115
3	6	12	15	-15.84120 0.0000000
3	6	15	18	-5.260444 -0.000004
3	6	18	21	-1.922544 -0.000000
3	6	21	24	-1.578591 -0.000000
3	6	24	27	-0.938504 0.000270
3	6	27	30	-0.648329 -0.000000
4	6	8	10	-109.9162 0.043621
4	6	10	12	-11.06263 0.002726
4	6	12	14	-10.80235 0.002726
4	6	14	16	-4.244106 0.001363
4	6	16	18	-2.520469 0.000963
4	6	18	20	-0.988378 0.000340
4	6	20	22	-0.938806 0.0000000
4	6	22	24	-0.905341 0.0000000
5	6	7	8	-430.7451 0.466004
5	6	8	9	-67.80167 0.036840
5	6	9	10	-4.679315 0.001628
5	6	10	11	-2.480747 0.000575
5	6	11	12	-4.051907 0.001151
5	6	12	13	-5.115303 -0.000002
5	6	13	14	-0.855501 0.000287
5	6	14	15	-1.306150 -0.000000
3	7	11	15	-32.21378 -0.000432
3	7	15	19	-7.665096 -0.000013
3	7	19	23	-3.012013 0.0000000
3	7	23	27	-1.900335 0.0000000
3	7	27	31	-0.992850 0.000216
4	7	10	13	-29.09431 0.0000000
4	7	13	16	-7.973574 0.0000000
4	7	16	19	-4.145814 0.001555
4	7	19	22	-1.928100 -0.000000
4	7	22	25	-1.795760 0.000549
4	7	25	28	-0.642097 0.000238
4	7	28	31	-0.648512 0.0000000
5	7	9	11	-13.62644 0.009260
5	7	11	13	-15.89912 0.011342
5	7	13	15	-3.617361 0.002005
5	7	15	17	-3.326204 0.002005
5	7	17	19	-0.998135 0.000708
5	7	19	21	-0.902442 0.000613
5	7	21	23	-0.710360 0.000457
5	7	23	25	-0.720050 0.000409
6	7	8	9	-74.30497 0.063754
6	7	9	10	-4.341882 0.003333
6	7	10	11	-2.110358 0.001781
6	7	11	12	-3.079285 0.002357
6	7	12	13	-3.634120 0.002520
6	7	13	14	-0.567572 0.000315
6	7	14	15	-0.883794 0.000630
6	7	15	16	-0.660814 0.000522
4	8	12	16	-34.20980 0.0000000
4	8	16	20	-7.228582 -0.000011
4	8	20	24	-3.521150 0.0000000
4	8	24	28	-1.666318 0.0000000
4	8	28	32	-1.084734 0.0000000
5	8	11	14	-35.20818 0.013085
5	8	14	17	-10.41182 0.0000000
5	8	17	20	-2.452463 -0.000001
5	8	20	23	-1.978755 0.000578
5	8	23	26	-1.427463 0.000408
5	8	26	29	-0.674265 0.000204
5	8	29	32	-0.490786 0.000204
6	8	10	12	-19.84176 0.016004
6	8	12	14	-14.07473 0.012003
6	8	14	16	-5.052115 0.004001
6	8	16	18	-2.761287 0.002236
6	8	18	20	-0.956774 0.000750
6	8	20	22	-0.855084 0.000790
6	8	22	24	-0.813206 0.000770
6	8	24	26	-0.526395 0.000500
7	8	9	10	-17.46713 0.011522
7	8	10	11	-6.643728 0.003840
7	8	11	12	-8.002679 0.004294
7	8	12	13	-8.553510 0.004704
7	8	13	14	-1.336947 0.000588
7	8	14	15	-2.026545 0.001357
7	8	15	16	-1.490218 0.000831
7	8	16	17	-1.389073 0.000759
5	9	13	17	-35.24072 0.008426
5	9	17	21	-6.418985 0.001489
5	9	21	25	-4.116382 0.001053
5	9	25	29	-1.502304 0.0000000
6	9	12	15	-66.84477 0.051249
6	9	15	18	-15.37637 0.012216
6	9	18	21	-3.600993 0.003203
6	9	21	24	-2.518178 0.001365
6	9	24	27	-1.335934 0.001024
6	9	27	30	-0.858324 0.000638
7	9	11	13	-95.65722 -0.004990
7	9	13	15	-16.03522 0.003528
7	9	15	17	-12.31366 0.003528
7	9	17	19	-2.561805 0.0000000
7	9	19	21	-1.960961 -0.000001
7	9	21	23	-1.381482 0.000311
7	9	23	25	-1.302921 -0.000000
7	9	25	27	-0.455963 0.000110
8	9	10	11	-54.78955 0.094158
8	9	11	12	-41.88497 0.032432
8	9	12	13	-37.23028 0.034671
8	9	13	14	-5.137236 0.004596
8	9	14	15	-7.545002 0.007187
8	9	15	16	-5.328267 0.005082
8	9	16	17	-4.109370 0.003753
8	9	17	18	-1.038544 0.001013
6	10	14	18	-42.58080 0.032874
6	10	18	22	-5.866987 0.003874
6	10	22	26	-3.609568 0.002562
6	10	26	30	-1.331579 0.000684
7	10	13	16	-41.35154 -0.000617
7	10	16	19	-12.37461 -0.000077
7	10	19	22	-3.592882 0.000872
7	10	22	25	-2.752229 -0.000004
7	10	25	28	-0.810815 -0.000000
7	10	28	31	-0.776117 -0.000000
8	10	12	14	-98.12446 0.024645
8	10	14	16	-25.81502 0.008713
8	10	16	18	-8.963561 0.0000000
8	10	18	20	-2.321223 0.0000000
8	10	20	22	-1.736720 0.000385
8	10	22	24	-1.447121 -0.000001
8	10	24	26	-0.823024 0.000333
8	10	26	28	-0.338149 -0.000000
9	10	11	12	-100.2529 0.122714
9	10	12	13	-50.18992 0.064800
9	10	13	14	-5.579800 0.007368
9	10	14	15	-7.736513 0.010635
9	10	15	16	-5.208898 0.007669
9	10	16	17	-3.163633 0.004931
9	10	17	18	-0.654082 0.001046
9	10	18	19	-0.503605 0.000728
7	11	15	19	-38.55837 -0.000418
7	11	19	23	-6.155608 0.0000000
7	11	23	27	-2.906392 0.000836
7	11	27	31	-1.226019 0.000295
8	11	14	17	-59.21304 -0.000808
8	11	17	20	-5.941658 0.0000000
8	11	20	23	-3.563085 -0.000009
8	11	23	26	-2.050298 0.000571
8	11	26	29	-0.770132 0.0000000
8	11	29	32	-0.532547 0.000142
9	11	13	15	-37.35589 0.019402
9	11	15	17	-21.10292 0.016233
9	11	17	19	-2.608039 0.001878
9	11	19	21	-1.750932 0.001271
9	11	21	23	-1.062549 0.000606
9	11	23	25	-0.894855 0.000542
9	11	25	27	-0.252297 0.000166
9	11	27	29	-0.247217 0.000135
10	11	12	13	-143.7737 0.068490
10	11	13	14	-10.65893 0.008561
10	11	14	15	-13.46632 0.010829
10	11	15	16	-8.474277 0.007414
10	11	16	17	-4.292907 0.004280
10	11	17	18	-0.813890 0.000862
10	11	18	19	-0.639469 0.000586
10	11	19	20	-0.479720 0.000378
8	12	16	20	-35.94461 0.0000000
8	12	20	24	-7.986225 0.0000000
8	12	24	28	-2.581224 0.0000000
8	12	28	32	-1.356357 0.000445
9	12	15	18	-66.84158 0.016869
9	12	18	21	-7.302417 -0.000023
9	12	21	24	-3.754287 0.001491
9	12	24	27	-1.555078 0.000372
9	12	27	30	-0.806763 0.000186
10	12	14	16	-99.70392 0.037090
10	12	16	18	-20.40129 0.020031
10	12	18	20	-4.241514 0.003665
10	12	20	22	-2.743378 -0.000002
10	12	22	24	-2.062279 0.000819
10	12	24	26	-1.040920 0.000625
10	12	26	28	-0.378278 0.000221
10	12	28	30	-0.457038 0.000204
11	12	13	14	-42.12146 0.015685
11	12	14	15	-48.84094 0.012806
11	12	15	16	-28.98441 0.006403
11	12	16	17	-12.91461 0.008470
11	12	17	18	-2.395810 0.001131
11	12	18	19	-1.796568 0.000800
11	12	19	20	-1.333880 0.000632
11	12	20	21	-1.287215 0.000400
9	13	17	21	-34.99774 -0.000433
9	13	21	25	-12.53827 0.006000
9	13	25	29	-2.800935 0.000866
10	13	16	19	-93.99945 0.223507
10	13	19	22	-15.09645 0.013755
10	13	22	25	-8.574608 0.008767
10	13	25	28	-1.824073 0.001719
10	13	28	31	-1.568292 0.001425
11	13	15	17	-289.6666 0.592476
11	13	17	19	-19.54365 0.027402
11	13	19	21	-11.08665 0.014567
11	13	21	23	-5.945631 0.008329
11	13	23	25	-4.624353 0.006226
11	13	25	27	-1.199410 0.001636
11	13	27	29	-1.105286 0.001515
11	13	29	31	-0.739226 0.000910
12	13	14	15	-549.1835 0.587172
12	13	15	16	-192.0035 0.309467
12	13	16	17	-55.91997 0.139475
12	13	17	18	-8.918603 0.010812
12	13	18	19	-6.430583 0.007645
12	13	19	20	-4.459941 0.004712
12	13	20	21	-4.002890 0.004324
12	13	21	22	-2.076303 0.002356
10	14	18	22	-29.48268 -0.000358
10	14	22	26	-11.09376 0.002864
10	14	26	30	-2.701606 0.000716
11	14	17	20	-32.14752 0.021844
11	14	20	23	-13.78063 0.008917
11	14	23	26	-6.391339 0.003640
11	14	26	29	-1.912475 0.001017
11	14	29	32	-1.243760 0.000455
12	14	16	18	-90.89886 0.217413
12	14	18	20	-14.54868 0.007480
12	14	20	22	-7.942614 0.004097
12	14	22	24	-5.444424 0.002365
12	14	24	26	-2.543053 0.001322
12	14	26	28	-0.859533 0.000362
12	14	28	30	-1.006705 0.000418
12	14	30	32	-0.519666 0.000209
13	14	15	16	-128.6209 0.166921
13	14	16	17	-23.19509 0.048459
13	14	17	18	-3.147611 0.003145
13	14	18	19	-2.214132 0.001926
13	14	19	20	-1.446046 0.000786
13	14	20	21	-1.235365 0.001157
13	14	21	22	-0.619056 0.000752
13	14	22	23	-0.675839 0.000661
11	15	19	23	-28.97335 -0.000192
11	15	23	27	-9.195374 0.0000000
11	15	27	31	-2.782222 0.0000000
12	15	18	21	-29.94431 0.015156
12	15	21	24	-11.66541 0.004375
12	15	24	27	-4.190998 0.001546
12	15	27	30	-1.913055 0.000546
13	15	17	19	-17.07407 0.021656
13	15	19	21	-8.125302 0.004842
13	15	21	23	-3.799988 0.012779
13	15	23	25	-2.729723 0.005296
13	15	25	27	-0.635642 0.000970
13	15	27	29	-0.562302 0.000808
13	15	29	31	-0.372274 0.000485
14	15	16	17	-60.60708 0.212702
14	15	17	18	-6.981452 0.007224
14	15	18	19	-4.721954 0.004620
14	15	19	20	-2.973714 0.003080
14	15	20	21	-2.464193 0.002108
14	15	21	22	-1.208442 0.001388
14	15	22	23	-1.303617 0.001217
14	15	23	24	-1.009907 0.000860
12	16	20	24	-25.04220 0.012447
12	16	24	28	-5.936110 0.002783
12	16	28	32	-2.564167 0.000984
13	16	19	22	-16.63832 0.009319
13	16	22	25	-7.539101 0.004358
13	16	25	28	-1.367275 0.001008
13	16	28	31	-1.109964 0.000651
14	16	18	20	-16.23211 0.011257
14	16	20	22	-7.234306 0.004964
14	16	22	24	-4.442496 0.003510
14	16	24	26	-1.930414 0.001555
14	16	26	28	-0.606488 0.000406
14	16	28	30	-0.686852 0.000406
14	16	30	32	-0.350379 0.000234
15	16	17	18	-11.96575 0.013762
15	16	18	19	-5.419032 0.007022
15	16	19	20	-3.146879 0.003972
15	16	20	21	-2.414388 0.003368
15	16	21	22	-1.157979 0.001468
15	16	22	23	-1.207870 0.001647
15	16	23	24	-0.923550 0.001241
15	16	24	25	-0.701888 0.000993
13	17	21	25	-44.34312 0.0000000
13	17	25	29	-5.486465 0.0000000
14	17	20	23	-56.57641 -0.000882
14	17	23	26	-17.51677 0.0000000
14	17	26	29	-3.398050 0.0000000
14	17	29	32	-1.971019 -0.000000
15	17	19	21	-71.71240 0.067409
15	17	21	23	-23.72652 0.022965
15	17	23	25	-14.06732 0.013131
15	17	25	27	-2.400516 0.002321
15	17	27	29	-1.889023 0.001592
15	17	29	31	-1.167296 0.001090
16	17	18	19	-87.58708 0.132882
16	17	19	20	-40.65642 0.061654
16	17	20	21	-25.43516 0.039150
16	17	21	22	-10.83692 0.017941
16	17	22	23	-10.49825 0.017288
16	17	23	24	-7.364777 0.011580
16	17	24	25	-5.064616 0.008305
16	17	25	26	-1.206424 0.001895
14	18	22	26	-73.67812 -0.001726
14	18	26	30	-7.567192 0.002441
15	18	21	24	-92.23358 0.027571
15	18	24	27	-18.27562 0.0000000
15	18	27	30	-4.958298 -0.000006
16	18	20	22	-148.9356 0.181212
16	18	22	24	-51.91856 0.072776
16	18	24	26	-15.43663 0.023013
16	18	26	28	-3.164880 0.004716
16	18	28	30	-3.113751 0.004315
16	18	30	32	-1.478618 0.002096
17	18	19	20	-200.1350 0.221013
17	18	20	21	-86.48470 0.067074
17	18	21	22	-26.23931 0.026132
17	18	22	23	-21.41603 0.020042
17	18	23	24	-12.62643 0.012675
17	18	24	25	-7.674702 0.009239
17	18	25	26	-1.483744 0.001771
17	18	26	27	-0.950571 0.001084
15	19	23	27	-66.35455 0.0000000
15	19	27	31	-8.511755 0.002169
16	19	22	25	-119.0612 0.088805
16	19	25	28	-9.253620 0.007849
16	19	28	31	-5.818933 0.004602
17	19	21	23	-120.4543 0.142533
17	19	23	25	-44.73950 0.055530
17	19	25	27	-5.066487 0.006410
17	19	27	29	-3.477468 0.004208
17	19	29	31	-1.970117 0.002525
18	19	20	21	-196.5681 0.128930
18	19	21	22	-42.98359 0.027914
18	19	22	23	-29.85412 0.022791
18	19	23	24	-15.59714 0.012741
18	19	24	25	-8.835201 0.008058
18	19	25	26	-1.614265 0.001510
18	19	26	27	-1.016497 0.000872
18	19	27	28	-0.763549 0.000734
16	20	24	28	-55.89540 0.026879
16	20	28	32	-11.00071 0.009098
17	20	23	26	-106.8212 0.103598
17	20	26	29	-10.40729 0.011104
17	20	29	32	-5.027541 0.004711
18	20	22	24	-170.6492 0.206692
18	20	24	26	-32.33816 0.043530
18	20	26	28	-5.025057 0.006863
18	20	28	30	-4.410804 0.004640
18	20	30	32	-1.971937 0.002320
19	20	21	22	-179.1129 0.241223
19	20	22	23	-87.91031 0.118175
19	20	23	24	-37.16430 0.047484
19	20	24	25	-18.78768 0.027304
19	20	25	26	-3.076163 0.004264
19	20	26	27	-1.865267 0.002383
19	20	27	28	-1.373910 0.001846
19	20	28	29	-1.733253 0.002197
17	21	25	29	-31.72939 0.009831
18	21	24	27	-85.47077 0.079915
18	21	27	30	-13.89129 0.009650
19	21	23	25	-191.0416 0.225738
19	21	25	27	-14.54156 0.017917
19	21	27	29	-8.653121 0.010750
19	21	29	31	-4.494717 0.005067
20	21	22	23	-337.4819 0.245987
20	21	23	24	-94.44511 0.066424
20	21	24	25	-40.65847 0.038690
20	21	25	26	-6.047576 0.005204
20	21	26	27	-3.567413 0.002353
20	21	27	28	-2.496051 0.001839
20	21	28	29	-3.050423 0.002717
20	21	29	30	-1.784071 0.001240
18	22	26	30	-31.51658 0.008399
19	22	25	28	-31.64112 0.036112
19	22	28	31	-14.96922 0.014935
20	22	24	26	-105.4853 0.107920
20	22	26	28	-12.51359 0.009928
20	22	28	30	-9.567258 0.006745
20	22	30	32	-4.003861 0.003078
21	22	23	24	-155.3353 0.107892
21	22	24	25	-52.01528 0.049944
21	22	25	26	-6.765285 0.005406
21	22	26	27	-3.852009 0.002703
21	22	27	28	-2.606368 0.002297
21	22	28	29	-3.011225 0.002014
21	22	29	30	-1.707713 0.001007
21	22	30	31	-0.967325 0.000596
19	23	27	31	-37.31898 0.033172
20	23	26	29	-37.56447 0.034912
20	23	29	32	-14.17402 0.013092
21	23	25	27	-33.74723 0.041816
21	23	27	29	-16.56131 0.018812
21	23	29	31	-7.604251 0.008535
22	23	24	25	-144.0809 0.195102
22	23	25	26	-15.05726 0.012388
22	23	26	27	-8.033516 0.005794
22	23	27	28	-5.189021 0.004097
22	23	28	29	-5.742742 0.003462
22	23	29	30	-3.148619 0.002322
22	23	30	31	-1.785588 0.001284
22	23	31	32	-1.718405 0.001284
20	24	28	32	-42.37307 0.016939
21	24	27	30	-40.81438 0.025870
22	24	26	28	-33.25785 0.021304
22	24	28	30	-20.81305 0.010652
22	24	30	32	-7.976385 0.005326
23	24	25	26	-26.73473 0.022527
23	24	26	27	-12.54443 0.008836
23	24	27	28	-7.475596 0.005410
23	24	28	29	-7.810357 0.004939
23	24	29	30	-4.113410 0.002469
23	24	30	31	-2.294796 0.001656
23	24	31	32	-2.173568 0.001562
22	25	28	31	-82.23799 0.019796
23	25	27	29	-90.25166 0.090982
23	25	29	31	-29.11849 0.025430
24	25	26	27	-94.12029 0.161923
24	25	27	28	-40.29820 0.047633
24	25	28	29	-34.78179 0.036668
24	25	29	30	-14.75109 0.015543
24	25	30	31	-7.983559 0.009167
24	25	31	32	-6.907987 0.007938
23	26	29	32	-95.43062 0.023608
24	26	28	30	-160.1872 0.112229
24	26	30	32	-43.12074 0.030305
25	26	27	28	-111.8643 0.111392
25	26	28	29	-81.76589 0.076868
25	26	29	30	-29.05005 0.027176
25	26	30	31	-15.80544 0.014885
25	26	31	32	-12.42575 0.011767
25	27	29	31	-111.5051 0.044558
26	27	28	29	-193.7427 0.146604
26	27	29	30	-42.61130 0.038280
26	27	30	31	-24.04438 0.012355
26	27	31	32	-15.40372 0.013534
26	28	30	32	-108.1273 0.0000000
27	28	29	30	-76.70072 0.152562
27	28	30	31	-45.72388 0.024587
27	28	31	32	-22.98153 0.050688
28	29	30	31	-215.6326 0.209820
28	29	31	32	-106.1104 0.129610
29	30	31	32	-211.1183 0.396044
1	4	2	3	672.9888 0.0000000
2	5	3	4	716.5952 0.240204
3	6	4	5	1360.815 0.0000000
1	7	3	5	420.2187 0.0000000
4	7	5	6	924.8857 0.0000000
2	8	4	6	503.2965 0.118159
5	8	6	7	689.3937 -0.060469
3	9	5	7	264.6895 0.126213
6	9	7	8	701.9048 0.525410
1	10	4	7	198.0266 -0.017268
4	10	6	8	302.1539 0.0000000
7	10	8	9	372.1670 0.154834
2	11	5	8	204.2964 0.090150
5	11	7	9	422.9587 0.109898
8	11	9	10	208.3680 0.188661
3	12	6	9	231.2840 0.088909
6	12	8	10	288.1208 0.138545
9	12	10	11	254.5566 0.0000000
1	13	5	9	137.9931 0.043501
4	13	7	10	182.3325 0.0000000
7	13	9	11	90.18215 0.049047
10	13	11	12	307.9162 0.474821
2	14	6	10	145.4959 0.035463
5	14	8	11	150.9949 0.042527
8	14	10	12	170.0525 0.0000000
11	14	12	13	1096.169 0.372916
3	15	7	11	119.6536 0.028114
6	15	9	12	110.8437 0.074737
9	15	11	13	467.9459 0.104143
12	15	13	14	232.5631 0.161263
1	16	6	11	87.42079 0.0000000
4	16	8	12	92.80810 -0.002733
7	16	10	13	166.7975 -0.009984
10	16	12	14	257.9385 0.120126
13	16	14	15	719.0547 0.872047
2	17	7	12	80.30718 0.026215
5	17	9	13	83.69384 0.033240
8	17	11	14	114.2989 0.034609
11	17	13	15	97.06317 0.050065
14	17	15	16	404.1800 0.320666
3	18	8	13	80.87159 0.0000000
6	18	10	14	84.34162 0.039980
9	18	12	15	142.2705 0.033796
12	18	14	16	171.4646 0.070035
15	18	16	17	363.2784 0.377976
1	19	7	13	78.53017 0.018776
4	19	9	14	57.44819 -0.000411
7	19	11	15	88.41230 0.025787
10	19	13	16	83.29498 0.069061
13	19	15	17	450.2659 0.248762
16	19	17	18	388.6554 0.444040
2	20	8	14	62.14114 0.025909
5	20	10	15	64.92686 0.033164
8	20	12	16	83.50335 0.049624
11	20	14	17	161.3216 0.114002
14	20	16	18	354.7210 0.303319
17	20	18	19	412.1537 0.784359
3	21	9	15	44.80813 0.011567
6	21	11	16	70.37070 0.037760
9	21	13	17	102.2492 0.101484
12	21	15	18	212.5555 0.127201
15	21	17	19	224.9628 0.282298
18	21	19	20	586.4312 0.516853
1	22	8	15	49.58861 0.014321
4	22	10	16	46.37597 -0.000235
7	22	12	17	89.81919 0.023761
10	22	14	18	144.4727 0.093839
13	22	16	19	254.4126 0.106833
16	22	18	20	259.2478 0.234153
19	22	20	21	819.9670 0.596746
2	23	9	16	36.01827 0.0000000
5	23	11	17	68.48808 0.033469
8	23	13	18	82.27364 0.024298
11	23	15	19	133.0698 0.0000000
14	23	17	20	171.5022 0.0000000
17	23	19	21	324.2276 0.166072
20	23	21	22	498.6732 0.313879
3	24	10	17	43.53898 0.0000000
6	24	12	18	71.99384 0.053645
9	24	14	19	90.43364 0.023339
12	24	16	20	122.1328 0.042432
15	24	18	21	156.0781 0.060568
18	24	20	22	310.8697 0.185734
21	24	22	23	687.8529 0.674070
1	25	9	17	32.13709 0.006830
4	25	11	18	44.43873 0.0000000
7	25	13	19	47.23188 0.026217
10	25	15	20	74.94593 0.043536
13	25	17	21	95.08840 0.053825
16	25	19	22	97.46838 0.074207
19	25	21	23	227.4408 0.389968
22	25	23	24	398.7328 0.319436
2	26	10	18	35.74134 0.012198
5	26	12	19	49.22379 0.023821
8	26	14	20	54.61914 0.015554
11	26	16	21	75.96969 0.0000000
14	26	18	22	87.90774 0.0000000
17	26	20	23	142.2624 0.084094
20	26	22	24	311.7845 0.289853
23	26	24	25	497.3238 0.365541
3	27	11	19	38.33363 -0.000945
6	27	13	20	44.80776 0.030838
9	27	15	21	68.27084 0.021398
12	27	17	22	67.04987 0.019982
15	27	19	23	96.11637 0.024376
18	27	21	24	178.1956 0.038555
21	27	23	25	409.6660 0.336562
24	27	25	26	334.2354 0.364594
1	28	10	19	32.91625 -0.000455
4	28	12	20	41.41260 -0.000422
7	28	14	21	52.03408 0.013928
10	28	16	22	66.68979 0.027352
13	28	18	23	88.22204 0.019293
16	28	20	24	99.23583 0.056145
19	28	22	25	258.5107 0.233511
22	28	24	26	397.2225 0.342614
25	28	26	27	426.1272 0.519122
2	29	11	20	34.28441 0.055275
5	29	13	21	39.33362 0.053663
8	29	15	22	49.60906 0.142350
11	29	17	23	56.29859 0.089567
14	29	19	24	83.10884 0.189310
17	29	21	25	140.2431 0.472664
20	29	23	26	269.7060 0.647435
23	29	25	27	239.8207 0.878823
26	29	27	28	357.8474 1.171597
3	30	12	21	34.82484 0.0000000
6	30	14	22	41.89781 0.026520
9	30	16	23	55.09501 0.013465
12	30	18	24	59.80494 0.017824
15	30	20	25	96.96384 0.0000000
18	30	22	26	186.3370 0.0000000
21	30	24	27	250.0330 0.102528
24	30	26	28	223.1970 0.114974
27	30	28	29	718.9221 0.415006
1	31	11	21	31.43522 0.0000000
4	31	13	22	31.22257 0.0000000
7	31	15	23	43.01328 0.016983
10	31	17	24	49.62933 0.0000000
13	31	19	25	84.46226 0.024264
16	31	21	26	103.0257 0.024789
19	31	23	27	178.8461 0.152917
22	31	25	28	174.3542 0.0000000
25	31	27	29	351.2092 0.362529
28	31	29	30	528.4129 0.313646
2	32	12	22	30.21360 0.0000000
5	32	14	23	35.68533 0.016981
8	32	16	24	43.48370 0.014414
11	32	18	25	54.68192 0.018696
14	32	20	26	83.99197 0.017874
17	32	22	27	117.1418 0.049707
20	32	24	28	158.2150 0.0000000
23	32	26	29	176.5631 0.115247
26	32	28	30	400.2514 0.399915
29	32	30	31	410.3331 0.477917
3	4	1	2	-227.4214 0.086203
4	5	1	2	-189.1263 0.0000000
4	5	2	3	-465.4457 0.114566
5	6	1	2	-41.63349 0.021834
5	6	2	3	-70.08908 0.017827
5	6	3	4	-253.3146 0.123514
5	7	1	3	-164.4811 -0.013590
6	7	1	2	-20.89889 0.013401
6	7	2	3	-31.73964 0.018951
6	7	3	4	-98.20892 0.057305
6	7	4	5	-424.4839 0.303230
6	8	2	4	-183.2416 0.111359
7	8	1	2	-11.02048 0.003242
7	8	2	3	-14.33602 0.0000000
7	8	3	4	-38.87801 -0.000286
7	8	4	5	-136.8090 0.0000000
7	8	5	6	-430.5782 0.0000000
7	9	1	3	-34.36962 0.017435
7	9	3	5	-221.9328 0.098629
8	9	1	2	-4.215160 0.0000000
8	9	2	3	-4.837598 0.001070
8	9	3	4	-11.95460 -0.000133
8	9	4	5	-34.63657 0.0000000
8	9	5	6	-67.93215 -0.002140
8	9	6	7	-74.81194 0.017124
7	10	1	4	-87.04561 0.047149
8	10	2	4	-18.29048 -0.000273
8	10	4	6	-110.0620 -0.004371
9	10	1	2	-0.419571 0.000099
9	10	2	3	-0.444752 0.000198
9	10	3	4	-1.058898 0.000396
9	10	4	5	-2.838917 0.000793
9	10	5	6	-4.687541 0.001121
9	10	6	7	-4.365772 0.001942
9	10	7	8	-17.52098 0.008972
8	11	2	5	-58.21128 0.017019
9	11	1	3	-1.393419 0.0000000
9	11	3	5	-6.113306 -0.000035
9	11	5	7	-13.66444 0.0000000
10	11	1	2	-0.263410 0.000270
10	11	2	3	-0.265968 0.000294
10	11	3	4	-0.624243 0.000667
10	11	4	5	-1.594115 0.001633
10	11	5	6	-2.480127 0.002583
10	11	6	7	-2.129899 0.002055
10	11	7	8	-6.672138 0.006802
10	11	8	9	-55.13123 0.060372
9	12	3	6	-21.35547 0.014103
10	12	2	4	-2.547211 0.000701
10	12	4	6	-10.98799 0.004859
10	12	6	8	-19.97074 0.012546
11	12	2	3	-0.504637 0.000196
11	12	3	4	-1.162479 0.000557
11	12	4	5	-2.860767 0.000787
11	12	5	6	-4.060376 0.0000000
11	12	6	7	-3.136085 0.000787
11	12	7	8	-8.012021 0.003151
11	12	8	9	-42.08081 0.021836
11	12	9	10	-101.4315 0.291875
9	13	1	5	-19.89832 0.0000000
10	13	1	4	-6.560577 0.004229
10	13	4	7	-29.14791 0.015443
11	13	1	3	-2.484344 0.002646
11	13	3	5	-9.904159 0.010199
11	13	5	7	-15.97671 0.015494
11	13	7	9	-96.19643 0.106147
12	13	3	4	-1.761935 0.002062
12	13	4	5	-4.099166 0.004596
12	13	5	6	-5.128107 0.005081
12	13	6	7	-3.659938 0.003752
12	13	7	8	-8.589166 0.009689
12	13	8	9	-37.52583 0.043331
12	13	9	10	-51.58099 0.051998
12	13	10	11	-141.7528 0.151103
10	14	2	6	-27.44372 -0.000367
11	14	2	5	-12.46125 0.003902
11	14	5	8	-35.32516 0.0000000
12	14	2	4	-3.038152 0.001904
12	14	4	6	-10.83528 0.004817
12	14	6	8	-14.13729 0.008344
12	14	8	10	-99.70924 0.090389
13	14	4	5	-0.750654 0.000827
13	14	5	6	-0.851907 0.000585
13	14	6	7	-0.558853 0.000312
13	14	7	8	-1.333477 0.001037
13	14	8	9	-5.147952 0.004512
13	14	9	10	-5.663319 0.004512
13	14	10	11	-10.51833 0.005006
13	14	11	12	-41.97087 0.036103
11	15	3	7	-32.23833 0.009258
12	15	3	6	-15.91871 -0.000057
12	15	6	9	-67.35330 0.0000000
13	15	1	3	-0.744745 0.000976
13	15	3	5	-2.756115 0.003682
13	15	5	7	-3.591965 0.003795
13	15	7	9	-16.10143 0.018411
13	15	9	11	-37.45607 0.038968
14	15	5	6	-1.305634 0.001137
14	15	6	7	-0.885579 0.000919
14	15	7	8	-2.030046 0.002092
14	15	8	9	-7.589715 0.007357
14	15	9	10	-7.860987 0.005353
14	15	10	11	-13.35543 0.012363
14	15	11	12	-48.98102 0.042829
14	15	12	13	-550.2712 0.456844
12	16	4	8	-34.27600 0.020950
13	16	1	4	-2.331202 0.001727
13	16	4	7	-7.957871 0.003257
13	16	7	10	-41.78495 0.013031
14	16	2	4	-1.300421 0.000775
14	16	4	6	-4.259128 0.0000000
14	16	6	8	-5.056866 -0.000009
14	16	8	10	-26.10025 -0.000316
14	16	10	12	-99.71990 -0.005063
15	16	6	7	-0.658754 0.000508
15	16	7	8	-1.490461 0.001245
15	16	8	9	-5.347251 0.004314
15	16	9	10	-5.267198 0.003215
15	16	10	11	-8.369650 0.007045
15	16	11	12	-28.93072 0.024405
15	16	12	13	-192.1107 0.138056
15	16	13	14	-129.8764 0.102901
13	17	1	5	-6.753615 0.004016
13	17	5	9	-35.36453 -0.000502
14	17	2	5	-4.772508 0.0000000
14	17	5	8	-10.41328 0.0000000
14	17	8	11	-59.34446 0.021796
15	17	1	3	-0.711509 0.000800
15	17	3	5	-2.530128 0.002772
15	17	5	7	-3.316576 0.002400
15	17	7	9	-12.33240 0.010617
15	17	9	11	-21.02591 0.019207
15	17	11	13	-289.2497 0.240240
16	17	7	8	-1.387283 0.001832
16	17	8	9	-4.108001 0.005378
16	17	9	10	-3.175704 0.003870
16	17	10	11	-4.227814 0.005749
16	17	11	12	-12.82159 0.015745
16	17	12	13	-55.49989 0.060845
16	17	13	14	-23.09379 0.027573
16	17	14	15	-60.40082 0.060845
14	18	2	6	-8.884573 0.002453
14	18	6	10	-42.86940 0.017001
15	18	3	6	-5.258599 0.001193
15	18	6	9	-15.39890 0.004772
15	18	9	12	-66.58952 -0.001687
16	18	2	4	-0.804768 0.001182
16	18	4	6	-2.516916 0.003476
16	18	6	8	-2.762677 0.003784
16	18	8	10	-8.995574 0.011665
16	18	10	12	-20.27661 0.027811
16	18	12	14	-90.83388 0.113288
17	18	8	9	-1.043887 0.001580
17	18	9	10	-0.660404 0.001041
17	18	10	11	-0.808545 0.001392
17	18	11	12	-2.400391 0.003661
17	18	12	13	-8.932046 0.013910
17	18	13	14	-3.170030 0.005278
17	18	14	15	-7.005615 0.011958
17	18	15	16	-11.95021 0.017402
15	19	3	7	-7.646052 0.002614
15	19	7	11	-38.52481 0.014789
16	19	1	4	-1.279366 0.000950
16	19	4	7	-4.133319 0.002272
16	19	7	10	-12.41125 0.005748
16	19	10	13	-93.63830 0.045991
17	19	1	3	-0.240109 0.000272
17	19	3	5	-0.804246 0.000917
17	19	5	7	-0.995050 0.001239
17	19	7	9	-2.566898 0.003019
17	19	9	11	-2.612269 0.003083
17	19	11	13	-19.58703 0.021366
17	19	13	15	-17.17895 0.018157
18	19	9	10	-0.508142 0.000544
18	19	10	11	-0.633535 0.000758
18	19	11	12	-1.795213 0.001963
18	19	12	13	-6.442495 0.006162
18	19	13	14	-2.231868 0.002435
18	19	14	15	-4.751470 0.005554
18	19	15	16	-5.403594 0.005764
18	19	16	17	-87.17977 0.085388
16	20	4	8	-7.210812 0.002763
16	20	8	12	-35.67343 0.0000000
17	20	2	5	-1.325143 0.000877
17	20	5	8	-2.443686 0.001360
17	20	8	11	-5.897634 0.002720
17	20	11	14	-32.10527 0.015388
18	20	2	4	-0.332406 0.000430
18	20	4	6	-0.979025 0.001034
18	20	6	8	-0.948711 0.000811
18	20	8	10	-2.302377 0.002294
18	20	10	12	-4.118875 0.004136
18	20	12	14	-14.53956 0.012979
18	20	14	16	-16.34485 0.016545
19	20	10	11	-0.455325 0.000326
19	20	11	12	-1.255954 0.000755
19	20	12	13	-4.373847 0.003699
19	20	13	14	-1.471830 0.002296
19	20	14	15	-2.979470 0.003995
19	20	15	16	-3.146553 0.003775
19	20	16	17	-40.57175 0.036246
19	20	17	18	-189.7853 0.068346
17	21	1	5	-2.053327 0.001069
17	21	5	9	-6.423813 0.001747
17	21	9	13	-34.95005 0.0000000
18	21	3	6	-1.918758 0.001375
18	21	6	9	-3.595074 0.002050
18	21	9	12	-7.275318 0.004100
18	21	12	15	-29.94501 0.017966
19	21	1	3	-0.236239 0.000341
19	21	3	5	-0.772417 0.001052
19	21	5	7	-0.900695 0.001052
19	21	7	9	-1.961305 0.002417
19	21	9	11	-1.738916 0.002105
19	21	11	13	-11.00571 0.011910
19	21	13	15	-8.089668 0.009155
19	21	15	17	-71.69673 0.095281
20	21	11	12	-1.311084 0.000547
20	21	12	13	-4.010385 0.002446
20	21	13	14	-1.228913 0.001914
20	21	14	15	-2.457867 0.003327
20	21	15	16	-2.400613 0.002623
20	21	16	17	-25.61131 0.027679
20	21	17	18	-86.04884 0.060643
20	21	18	19	-201.9044 0.085762
18	22	2	6	-2.581942 0.0000000
18	22	6	10	-5.876903 -0.000008
18	22	10	14	-29.42406 0.0000000
19	22	1	4	-0.652994 0.000766
19	22	4	7	-1.923361 0.001979
19	22	7	10	-3.599094 0.003541
19	22	10	13	-15.01232 0.012266
19	22	13	16	-16.58138 0.016859
20	22	2	4	-0.325982 0.000342
20	22	4	6	-0.941395 0.000905
20	22	6	8	-0.857425 0.000765
20	22	8	10	-1.755524 0.001996
20	22	10	12	-2.790685 0.005727
20	22	12	14	-7.931815 0.005809
20	22	14	16	-7.195398 0.002738
20	22	16	18	-148.8956 0.131447
21	22	12	13	-2.079148 0.001361
21	22	13	14	-0.619421 0.000786
21	22	14	15	-1.210901 0.001361
21	22	15	16	-1.153930 0.001112
21	22	16	17	-10.88022 0.009259
21	22	17	18	-26.20711 0.020544
21	22	18	19	-44.64191 0.0000000
21	22	19	20	-177.5045 0.136279
19	23	3	7	-3.007929 0.003219
19	23	7	11	-6.156669 0.006205
19	23	11	15	-28.85502 0.023846
20	23	2	5	-1.203617 0.001166
20	23	5	8	-1.985745 0.001905
20	23	8	11	-3.609669 0.005555
20	23	11	14	-13.83763 0.014593
20	23	14	17	-56.67257 0.030485
21	23	3	5	-0.622085 0.000770
21	23	5	7	-0.711715 0.000834
21	23	7	9	-1.387811 0.001619
21	23	9	11	-1.070619 0.001247
21	23	11	13	-5.965565 0.006271
21	23	13	15	-3.796235 0.004857
21	23	15	17	-23.76549 0.027478
21	23	17	19	-123.4406 0.151063
22	23	13	14	-0.676384 0.000461
22	23	14	15	-1.306372 0.000922
22	23	15	16	-1.203454 0.000922
22	23	16	17	-10.53673 0.007376
22	23	17	18	-21.38069 0.012775
22	23	18	19	-31.00425 0.010431
22	23	19	20	-86.71131 0.046650
22	23	20	21	-336.9543 0.144542
20	24	4	8	-3.526026 0.001063
20	24	8	12	-8.118300 0.004757
20	24	12	16	-24.94536 0.012034
21	24	3	6	-1.579445 0.001211
21	24	6	9	-2.522068 0.001806
21	24	9	12	-3.758750 0.007225
21	24	12	15	-11.66572 0.004569
21	24	15	18	-92.31128 0.068395
22	24	4	6	-0.906724 0.000474
22	24	6	8	-0.815614 0.000600
22	24	8	10	-1.452675 0.000734
22	24	10	12	-2.062824 0.001469
22	24	12	14	-5.435424 0.003980
22	24	14	16	-4.437550 0.004800
22	24	16	18	-51.92537 0.035922
22	24	18	20	-170.5811 0.115206
23	24	14	15	-1.010131 0.000722
23	24	15	16	-0.918594 0.000668
23	24	16	17	-7.374362 0.004369
23	24	17	18	-12.60559 0.008738
23	24	18	19	-16.06246 0.006178
23	24	19	20	-36.70848 0.030270
23	24	20	21	-94.54957 0.049431
23	24	21	22	-155.7230 0.085617
21	25	1	5	-1.664614 0.001089
21	25	5	9	-4.130884 0.002853
21	25	9	13	-12.57082 0.011878
21	25	13	17	-44.42534 0.0000000
22	25	1	4	-0.632352 0.000310
22	25	4	7	-1.798284 0.000980
22	25	7	10	-2.768699 0.001240
22	25	10	13	-8.592544 0.003507
22	25	13	16	-7.546555 0.001753
22	25	16	19	-120.9852 0.039688
23	25	5	7	-0.722214 0.000621
23	25	7	9	-1.310503 0.001283
23	25	9	11	-0.897535 0.000907
23	25	11	13	-4.639050 0.003850
23	25	13	15	-2.745105 0.002485
23	25	15	17	-14.12606 0.013088
23	25	17	19	-45.59048 0.035567
23	25	19	21	-191.2744 0.169337
24	25	15	16	-0.704832 0.000854
24	25	16	17	-5.123040 0.006184
24	25	17	18	-7.744747 0.009219
24	25	18	19	-9.166872 0.007713
24	25	19	20	-18.77050 0.016999
24	25	20	21	-41.14235 0.054699
24	25	21	22	-52.66315 0.066992
24	25	22	23	-145.9296 0.177628
22	26	2	6	-2.058956 -0.000000
22	26	6	10	-3.625518 0.0000000
22	26	10	14	-11.10368 0.002733
22	26	14	18	-73.87251 -0.001932
23	26	2	5	-0.908838 0.000526
23	26	5	8	-1.432047 0.000831
23	26	8	11	-2.057379 0.001392
23	26	11	14	-6.408008 0.003327
23	26	14	17	-17.58890 0.010310
23	26	17	20	-107.3839 0.062997
24	26	6	8	-0.529024 0.000396
24	26	8	10	-0.830498 0.000560
24	26	10	12	-1.045706 0.000723
24	26	12	14	-2.558068 0.001585
24	26	14	16	-1.941004 0.001372
24	26	16	18	-15.56997 0.009685
24	26	18	20	-32.63669 0.023153
24	26	20	22	-106.6152 0.065488
25	26	16	17	-1.213615 0.001297
25	26	17	18	-1.490952 0.001564
25	26	18	19	-1.658692 0.001410
25	26	19	20	-3.063619 0.002473
25	26	20	21	-6.090117 0.005419
25	26	21	22	-6.811919 0.009644
25	26	22	23	-15.16648 0.019289
25	26	23	24	-26.86496 0.030659
23	27	3	7	-1.900821 0.000770
23	27	7	11	-2.917696 0.001258
23	27	11	15	-9.217469 0.004359
23	27	15	19	-67.26622 0.028477
24	27	3	6	-0.940817 -0.000000
24	27	6	9	-1.343286 0.000380
24	27	9	12	-1.562901 0.0000000
24	27	12	15	-4.211394 0.001075
24	27	15	18	-18.40288 0.006085
24	27	18	21	-86.24336 0.0000000
25	27	7	9	-0.456574 0.000734
25	27	9	11	-0.251979 0.000527
25	27	11	13	-1.196936 0.001217
25	27	13	15	-0.635037 0.000449
25	27	15	17	-2.399826 0.002140
25	27	17	19	-5.125226 0.005293
25	27	19	21	-14.53382 0.014384
25	27	21	23	-33.73163 0.038057
26	27	17	18	-0.945314 0.000952
26	27	18	19	-1.030586 0.000858
26	27	19	20	-1.834615 0.001716
26	27	20	21	-3.547290 0.003433
26	27	21	22	-3.809603 0.003808
26	27	22	23	-7.971399 0.008301
26	27	23	24	-12.46158 0.011426
26	27	24	25	-92.70176 0.068136
24	28	4	8	-1.672234 -0.000001
24	28	8	12	-2.596204 0.0000000
24	28	12	16	-5.961920 0.0000000
24	28	16	20	-56.37042 -0.000796
25	28	1	4	-0.236818 0.000154
25	28	4	7	-0.640423 0.000326
25	28	7	10	-0.813552 0.000412
25	28	10	13	-1.824045 0.000922
25	28	13	16	-1.366159 0.000714
25	28	16	19	-9.341114 0.004043
25	28	19	22	-31.64146 -0.000412
26	28	8	10	-0.340420 0.000273
26	28	10	12	-0.378488 0.000283
26	28	12	14	-0.859456 0.000642
26	28	14	16	-0.606306 0.000502
26	28	16	18	-3.164691 0.002709
26	28	18	20	-5.018113 0.004693
26	28	20	22	-12.48633 0.010282
26	28	22	24	-33.15889 0.029083
27	28	18	19	-0.782585 0.000513
27	28	19	20	-1.366501 0.000937
27	28	20	21	-2.512808 0.001568
27	28	21	22	-2.595247 0.001966
27	28	22	23	-5.191472 0.004436
27	28	23	24	-7.482529 0.005808
27	28	24	25	-39.94307 0.023234
27	28	25	26	-112.2551 0.088981
25	29	1	5	-0.704620 0.001732
25	29	5	9	-1.498113 0.003426
25	29	9	13	-2.799112 0.006578
25	29	13	17	-5.480038 0.012832
25	29	17	21	-31.76179 0.072125
26	29	2	5	-0.450546 0.001379
26	29	5	8	-0.671016 0.001858
26	29	8	11	-0.768665 0.002283
26	29	11	14	-1.906776 0.005363
26	29	14	17	-3.389464 0.009733
26	29	17	20	-10.39771 0.029278
26	29	20	23	-37.44010 0.106458
27	29	9	11	-0.248870 0.000657
27	29	11	13	-1.101356 0.002698
27	29	13	15	-0.559587 0.001389
27	29	15	17	-1.885784 0.004633
27	29	17	19	-3.502612 0.008471
27	29	19	21	-8.612931 0.021033
27	29	21	23	-16.52747 0.041390
27	29	23	25	-89.74785 0.199400
28	29	19	20	-1.707645 0.003761
28	29	20	21	-3.028226 0.006564
28	29	21	22	-3.008381 0.007037
28	29	22	23	-5.731361 0.013030
28	29	23	24	-7.785536 0.017861
28	29	24	25	-34.41785 0.074269
28	29	25	26	-82.54238 0.176873
28	29	26	27	-193.6879 0.461944
26	30	2	6	-0.917294 0.0000000
26	30	6	10	-1.327139 -0.000000
26	30	10	14	-2.696225 0.000922
26	30	14	18	-7.556859 0.0000000
26	30	18	22	-31.41543 0.007380
27	30	3	6	-0.652540 0.000354
27	30	6	9	-0.853965 0.000354
27	30	9	12	-0.807527 0.000433
27	30	12	15	-1.908356 0.000867
27	30	15	18	-4.949700 0.002452
27	30	18	21	-13.84887 0.006937
27	30	21	24	-40.75303 0.022658
28	30	10	12	-0.456216 0.000260
28	30	12	14	-1.000137 0.000521
28	30	14	16	-0.681525 0.000368
28	30	16	18	-3.097964 0.001950
28	30	18	20	-4.376603 0.002085
28	30	20	22	-9.514961 0.003611
28	30	22	24	-20.73286 0.011795
28	30	24	26	-161.2709 0.081723
29	30	20	21	-1.779270 0.003995
29	30	21	22	-1.714050 0.003952
29	30	22	23	-3.146839 0.007332
29	30	23	24	-4.107813 0.009560
29	30	24	25	-14.62311 0.032954
29	30	25	26	-29.39724 0.067519
29	30	26	27	-42.76718 0.097713
29	30	27	28	-79.19922 0.211492
27	31	3	7	-0.990973 -0.000000
27	31	7	11	-1.226854 0.000451
27	31	11	15	-2.778702 0.000637
27	31	15	19	-8.548104 0.002551
27	31	19	23	-37.23149 -0.000451
28	31	1	4	-0.238427 0.000097
28	31	4	7	-0.644881 0.000309
28	31	7	10	-0.775516 0.000338
28	31	10	13	-1.563120 0.000781
28	31	13	16	-1.103757 0.000552
28	31	16	19	-5.826588 0.0000000
28	31	19	22	-14.86572 0.006255
28	31	22	25	-81.84950 0.025022
29	31	11	13	-0.742866 0.001919
29	31	13	15	-0.374024 0.001062
29	31	15	17	-1.171034 0.003320
29	31	17	19	-1.988047 0.005429
29	31	19	21	-4.454389 0.012282
29	31	21	23	-7.634623 0.021424
29	31	23	25	-29.00289 0.079093
29	31	25	27	-112.4418 0.291310
30	31	21	22	-0.972882 0.000788
30	31	22	23	-1.789031 0.001576
30	31	23	24	-2.296753 0.002133
30	31	24	25	-7.919024 0.006809
30	31	25	26	-15.94495 0.013122
30	31	26	27	-23.90384 0.021222
30	31	27	28	-44.26377 0.063459
30	31	28	29	-216.9828 0.058234
28	32	4	8	-1.079665 0.000695
28	32	8	12	-1.353288 0.001037
28	32	12	16	-2.551988 0.001735
28	32	16	20	-10.93294 0.007873
28	32	20	24	-42.21912 0.029691
29	32	2	5	-0.326352 0.000810
29	32	5	8	-0.491483 0.001310
29	32	8	11	-0.534744 0.001419
29	32	11	14	-1.245004 0.003306
29	32	14	17	-1.971761 0.005425
29	32	17	20	-5.006705 0.013351
29	32	20	23	-14.15480 0.038236
29	32	23	26	-95.99392 0.250140
30	32	12	14	-0.517686 0.000309
30	32	14	16	-0.348717 0.000279
30	32	16	18	-1.474109 0.001158
30	32	18	20	-1.963891 0.001451
30	32	20	22	-3.983876 0.002626
30	32	22	24	-7.951397 0.006066
30	32	24	26	-43.13961 0.028018
30	32	26	28	-106.7512 0.097058
31	32	22	23	-1.702851 0.001713
31	32	23	24	-2.156334 0.002048
31	32	24	25	-6.794503 0.006345
31	32	25	26	-12.46197 0.012151
31	32	26	27	-15.40170 0.016789
31	32	27	28	-23.40240 0.039117
31	32	28	29	-104.7311 0.050766
31	32	29	30	-209.5457 0.0000000
2	3	1	4	675.8671 0.0000000
3	4	2	5	720.3817 0.0000000
3	5	1	7	423.1832 -0.041298
4	5	3	6	1365.205 -0.165011
4	6	2	8	504.4508 0.0000000
5	6	4	7	924.9787 0.694368
4	7	1	10	198.8281 0.070938
5	7	3	9	264.2077 -0.018010
6	7	5	8	690.0532 0.608324
5	8	2	11	203.7356 0.0000000
6	8	4	10	301.2564 0.157440
7	8	6	9	701.1377 -0.079215
5	9	1	13	137.9490 -0.012504
6	9	3	12	231.2181 0.164214
7	9	5	11	420.5573 0.0000000
8	9	7	10	372.9959 0.202477
6	10	2	14	145.4142 0.082273
7	10	4	13	181.8687 0.043684
8	10	6	12	288.1098 0.079349
9	10	8	11	209.2016 0.267571
6	11	1	16	87.47894 0.046774
7	11	3	15	119.2174 0.0000000
8	11	5	14	151.1684 0.032445
9	11	7	13	90.23702 0.052803
10	11	9	12	255.4614 0.252767
7	12	2	17	79.99885 0.0000000
8	12	4	16	92.97339 0.0000000
9	12	6	15	110.7433 0.0000000
10	12	8	14	169.9586 0.129796
11	12	10	13	308.1455 0.0000000
7	13	1	19	78.48557 0.0000000
8	13	3	18	80.92493 0.022878
9	13	5	17	83.61086 0.094346
10	13	7	16	167.3446 0.398651
11	13	9	15	467.3375 0.857435
12	13	11	14	1093.695 1.639175
8	14	2	20	62.17790 -0.000888
9	14	4	19	57.46607 0.0000000
10	14	6	18	84.33680 -0.002842
11	14	8	17	114.4372 0.110215
12	14	10	16	259.2784 0.328737
13	14	12	15	231.7407 0.292789
8	15	1	22	49.62228 0.0000000
9	15	3	21	44.83621 0.011225
10	15	5	20	65.04460 0.033859
11	15	7	19	88.51935 0.052637
12	15	9	18	142.4871 0.060982
13	15	11	17	97.25678 0.099161
14	15	13	16	720.5511 0.561800
9	16	2	23	36.02827 0.008947
10	16	4	22	46.38451 0.022088
11	16	6	21	70.29119 0.036422
12	16	8	20	83.63953 0.048659
13	16	10	19	83.66038 0.139056
14	16	12	18	171.8495 0.098042
15	16	14	17	404.3008 0.592567
9	17	1	25	32.16558 0.0000000
10	17	3	24	43.55667 0.021428
11	17	5	23	68.53466 0.042785
12	17	7	22	89.94430 0.055849
13	17	9	21	102.4050 0.094197
14	17	11	20	161.7069 0.102969
15	17	13	19	450.0360 0.696549
16	17	15	18	363.9899 0.443417
10	18	2	26	35.76244 0.0000000
11	18	4	25	44.45102 0.021278
12	18	6	24	72.02647 0.019986
13	18	8	23	82.41203 0.047648
14	18	10	22	145.1190 0.039484
15	18	12	21	213.0060 0.183128
16	18	14	20	356.9868 0.514689
17	18	16	19	399.2473 0.515341
10	19	1	28	32.88839 0.0000000
11	19	3	27	38.24331 0.008666
12	19	5	26	49.11911 0.024639
13	19	7	25	47.08442 0.028416
14	19	9	24	90.09326 0.034099
15	19	11	23	132.2958 0.077271
16	19	13	22	253.7342 0.489650
17	19	15	21	222.4628 0.345358
18	19	17	20	403.8944 0.409531
11	20	2	29	34.27072 0.009335
12	20	4	28	41.47266 0.022930
13	20	6	27	44.68811 0.024157
14	20	8	26	54.59078 0.024946
15	20	10	25	75.00624 0.052471
16	20	12	24	121.9250 0.196807
17	20	14	23	171.3562 0.277488
18	20	16	22	259.0747 0.323627
19	20	18	21	584.1457 0.689206
11	21	1	31	31.40310 0.007201
12	21	3	30	34.80625 0.022555
13	21	5	29	39.38120 0.026421
14	21	7	28	52.04801 0.025097
15	21	9	27	68.23457 0.054255
16	21	11	26	75.98317 0.079085
17	21	13	25	95.13697 0.123536
18	21	15	24	155.6953 0.199718
19	21	17	23	324.4513 0.464238
20	21	19	22	823.4976 0.364925
12	22	2	32	30.13789 -0.000279
13	22	4	31	31.16158 0.011072
14	22	6	30	41.81371 0.008914
15	22	8	29	49.58657 0.022718
16	22	10	28	66.75807 0.036478
17	22	12	27	67.05303 0.046477
18	22	14	26	87.84942 0.054495
19	22	16	25	97.41024 0.147957
20	22	18	24	310.4069 0.296843
21	22	20	23	499.3225 0.489990
14	23	5	32	35.52946 0.0000000
15	23	7	31	42.95334 0.009168
16	23	9	30	54.95835 0.013019
17	23	11	29	56.28784 0.018157
18	23	13	28	88.21370 0.0000000
19	23	15	27	96.00047 0.142728
20	23	17	26	142.2484 0.137107
21	23	19	25	229.8377 0.227923
22	23	21	24	686.6529 0.541172
16	24	8	32	43.33335 0.0000000
17	24	10	31	49.57971 0.024753
18	24	12	30	59.70672 0.013398
19	24	14	29	83.15040 0.129282
20	24	16	28	99.52907 0.103940
21	24	18	27	178.4236 0.207034
22	24	20	26	312.2716 0.226001
23	24	22	25	400.1747 0.335408
18	25	11	32	54.45523 0.0000000
19	25	13	31	84.39620 0.129763
20	25	15	30	96.91558 0.097692
21	25	17	29	140.5658 0.148459
22	25	19	28	261.3882 0.139194
23	25	21	27	411.2064 0.379221
24	25	23	26	499.1925 0.921411
20	26	14	32	83.49912 0.031537
21	26	16	31	102.8083 0.049053
22	26	18	30	186.1883 0.043965
23	26	20	29	270.5839 0.184657
24	26	22	28	399.1470 0.299831
25	26	24	27	334.7773 0.428635
22	27	17	32	115.9914 0.034402
23	27	19	31	179.3329 0.110718
24	27	21	30	249.9667 0.070607
25	27	23	29	239.8727 0.269537
26	27	25	28	426.4434 0.422191
24	28	20	32	157.7140 0.200669
25	28	22	31	174.2502 0.050463
26	28	24	30	223.6156 0.057439
27	28	26	29	356.5637 0.285122
26	29	23	32	176.4509 0.430457
27	29	25	31	353.5706 0.889024
28	29	27	30	729.3039 1.782299
28	30	26	32	404.4673 0.132790
29	30	28	31	529.2450 1.067468
30	31	29	32	410.1589 0.161538