  #     beta     phi_d     phi_m   phi_m_small     phi_m_smoomth_x     phi_m_smoomth_y     phi_m_smoomth_z      phi
   1 4.9261e+02 5.8907e+03 2.3242e+01 5.8098e-02 1.4136e+01 9.0483e+00  0.0000e+00  8.2103e+04
   2 4.9261e+02 1.6832e+03 1.3482e+01 2.1948e-01 7.9927e+00 5.2695e+00  0.0000e+00  1.8657e+04
   3 4.9261e+02 2.4471e+03 7.8107e+00 4.5155e-01 4.2734e+00 3.0857e+00  0.0000e+00  1.2821e+04
   4 9.8521e+01 9.8097e+02 9.3227e+00 3.4069e-01 5.6975e+00 3.2846e+00  0.0000e+00  3.0777e+03
   5 9.8521e+01 9.6623e+02 9.7454e+00 4.7059e-01 5.7728e+00 3.5021e+00  0.0000e+00  2.0865e+03
   6 9.8521e+01 8.4839e+02 9.9597e+00 4.6162e-01 6.0181e+00 3.4800e+00  0.0000e+00  1.9190e+03
   7 1.9704e+01 7.8074e+02 1.0469e+01 4.4302e-01 6.2692e+00 3.7570e+00  0.0000e+00  1.0403e+03
   8 1.9704e+01 7.1105e+02 1.0950e+01 4.4282e-01 6.6114e+00 3.8956e+00  0.0000e+00  9.8432e+02
   9 1.9704e+01 6.6927e+02 1.1291e+01 4.3601e-01 6.8254e+00 4.0296e+00  0.0000e+00  9.1876e+02
  10 3.9408e+00 6.4288e+02 1.1844e+01 4.2609e-01 7.1228e+00 4.2947e+00  0.0000e+00  7.1274e+02
  11 3.9408e+00 6.1294e+02 1.2823e+01 4.2198e-01 7.7176e+00 4.6830e+00  0.0000e+00  6.8846e+02
  12 3.9408e+00 6.0089e+02 1.3284e+01 4.2036e-01 7.9567e+00 4.9067e+00  0.0000e+00  6.6291e+02
  13 7.8817e-01 5.8476e+02 1.4238e+01 4.0902e-01 8.5534e+00 5.2751e+00  0.0000e+00  6.1113e+02
  14 7.8817e-01 5.6514e+02 1.6332e+01 4.1212e-01 9.8040e+00 6.1156e+00  0.0000e+00  5.9608e+02
  15 7.8817e-01 5.5092e+02 1.7194e+01 4.1486e-01 1.0300e+01 6.4795e+00  0.0000e+00  5.7818e+02
  16 1.5763e-01 5.4408e+02 1.7755e+01 4.2190e-01 1.0641e+01 6.6924e+00  0.0000e+00  5.5368e+02
  17 1.5763e-01 5.3213e+02 1.9945e+01 4.1756e-01 1.2051e+01 7.4773e+00  0.0000e+00  5.4689e+02
  18 1.5763e-01 5.2631e+02 1.9589e+01 4.2066e-01 1.1799e+01 7.3695e+00  0.0000e+00  5.3530e+02
  19 3.1527e-02 5.1939e+02 1.9746e+01 4.1319e-01 1.1893e+01 7.4401e+00  0.0000e+00  5.2692e+02
  20 3.1527e-02 5.1402e+02 2.0476e+01 4.1226e-01 1.2301e+01 7.7636e+00  0.0000e+00  5.2002e+02
