  #     beta     phi_d     phi_m   phi_m_small     phi_m_smoomth_x     phi_m_smoomth_y     phi_m_smoomth_z      phi
   1 1.1869e+02 9.3606e+02 9.6241e+00 1.1224e-02 6.1252e+00 3.4877e+00  0.0000e+00  2.9577e+03
   2 1.1869e+02 6.7645e+02 1.0046e+01 9.4615e-03 6.5663e+00 3.4699e+00  0.0000e+00  2.1449e+03
   3 1.1869e+02 7.3492e+02 9.0489e+00 1.3928e-02 5.8201e+00 3.2148e+00  0.0000e+00  1.9171e+03
   4 2.3738e+01 6.4623e+02 1.0278e+01 1.1763e-02 6.7234e+00 3.5427e+00  0.0000e+00  9.5391e+02
   5 2.3738e+01 6.3014e+02 1.0124e+01 1.0495e-02 6.5581e+00 3.5551e+00  0.0000e+00  8.8298e+02
   6 2.3738e+01 6.2296e+02 1.0327e+01 1.0944e-02 6.7021e+00 3.6138e+00  0.0000e+00  8.7366e+02
   7 4.7476e+00 6.0923e+02 1.0874e+01 1.0489e-02 7.0206e+00 3.8426e+00  0.0000e+00  6.7236e+02
   8 4.7476e+00 5.9177e+02 1.1852e+01 1.1865e-02 7.5841e+00 4.2561e+00  0.0000e+00  6.6139e+02
   9 4.7476e+00 5.8526e+02 1.1196e+01 1.1193e-02 7.1915e+00 3.9929e+00  0.0000e+00  6.4578e+02
  10 9.4952e-01 5.7645e+02 1.2043e+01 1.2241e-02 7.7124e+00 4.3187e+00  0.0000e+00  5.9613e+02
  11 9.4952e-01 5.5138e+02 1.2740e+01 1.3602e-02 8.0989e+00 4.6275e+00  0.0000e+00  5.8737e+02
  12 9.4952e-01 5.3710e+02 1.2311e+01 1.3260e-02 7.8493e+00 4.4489e+00  0.0000e+00  5.6268e+02
  13 1.8990e-01 5.2524e+02 1.2622e+01 1.3582e-02 8.0494e+00 4.5592e+00  0.0000e+00  5.3940e+02
  14 1.8990e-01 5.0757e+02 1.4174e+01 1.6389e-02 8.9803e+00 5.1770e+00  0.0000e+00  5.2760e+02
  15 1.8990e-01 4.7389e+02 1.6506e+01 2.2731e-02 1.0326e+01 6.1567e+00  0.0000e+00  5.1010e+02
  16 3.7981e-02 4.5569e+02 1.6750e+01 2.4881e-02 1.0473e+01 6.2517e+00  0.0000e+00  4.7445e+02
  17 3.7981e-02 4.3917e+02 1.8009e+01 2.7934e-02 1.1266e+01 6.7150e+00  0.0000e+00  4.5628e+02
  18 3.7981e-02 4.2277e+02 1.9721e+01 3.1384e-02 1.2339e+01 7.3501e+00  0.0000e+00  4.3984e+02
  19 7.5961e-03 3.9137e+02 2.1126e+01 3.5370e-02 1.3221e+01 7.8697e+00  0.0000e+00  4.2291e+02
  20 7.5961e-03 3.5945e+02 2.3519e+01 3.8174e-02 1.4818e+01 8.6631e+00  0.0000e+00  3.9153e+02
