  #     beta     phi_d     phi_m   phi_m_small     phi_m_smoomth_x     phi_m_smoomth_y     phi_m_smoomth_z      phi
   1 1.1466e+02 1.5997e+03 2.2751e+01 9.8216e-03 1.2692e+01 1.0049e+01  0.0000e+00  5.8563e+03
   2 1.1466e+02 1.8133e+03 1.6762e+01 1.1773e-02 9.3976e+00 7.3521e+00  0.0000e+00  4.3602e+03
   3 1.1466e+02 1.9534e+03 1.2840e+01 2.5145e-02 7.3961e+00 5.4191e+00  0.0000e+00  3.7807e+03
   4 2.2931e+01 1.6009e+03 1.6775e+01 1.2288e-02 9.8267e+00 6.9357e+00  0.0000e+00  2.2390e+03
   5 2.2931e+01 1.5056e+03 1.7738e+01 1.2564e-02 1.0195e+01 7.5304e+00  0.0000e+00  1.9797e+03
   6 2.2931e+01 1.4700e+03 1.6601e+01 1.1984e-02 9.5895e+00 6.9991e+00  0.0000e+00  1.8783e+03
   7 4.5863e+00 1.3791e+03 1.9233e+01 1.4451e-02 1.1067e+01 8.1515e+00  0.0000e+00  1.5459e+03
   8 4.5863e+00 1.3249e+03 1.8017e+01 1.3711e-02 1.0240e+01 7.7635e+00  0.0000e+00  1.4560e+03
   9 4.5863e+00 1.2938e+03 1.7702e+01 1.4189e-02 1.0125e+01 7.5622e+00  0.0000e+00  1.4024e+03
  10 9.1725e-01 1.2249e+03 1.9401e+01 1.7548e-02 1.0959e+01 8.4244e+00  0.0000e+00  1.3094e+03
  11 9.1725e-01 1.1799e+03 1.8574e+01 1.7062e-02 1.0614e+01 7.9433e+00  0.0000e+00  1.2407e+03
  12 9.1725e-01 1.1320e+03 1.9565e+01 1.9970e-02 1.1278e+01 8.2666e+00  0.0000e+00  1.1964e+03
  13 1.8345e-01 1.0941e+03 1.9767e+01 2.1239e-02 1.1416e+01 8.3298e+00  0.0000e+00  1.1353e+03
  14 1.8345e-01 1.0391e+03 2.0654e+01 2.5968e-02 1.2103e+01 8.5250e+00  0.0000e+00  1.0976e+03
  15 1.8345e-01 1.0243e+03 1.9422e+01 2.4501e-02 1.1412e+01 7.9856e+00  0.0000e+00  1.0427e+03
  16 3.6690e-02 9.9512e+02 2.0024e+01 2.4638e-02 1.1817e+01 8.1831e+00  0.0000e+00  1.0250e+03
  17 3.6690e-02 9.7464e+02 2.0191e+01 2.3591e-02 1.2006e+01 8.1612e+00  0.0000e+00  9.9588e+02
  18 3.6690e-02 9.6225e+02 2.1353e+01 2.5205e-02 1.2667e+01 8.6614e+00  0.0000e+00  9.7540e+02
  19 7.3380e-03 9.4330e+02 2.1427e+01 2.5838e-02 1.2779e+01 8.6221e+00  0.0000e+00  9.6240e+02
  20 7.3380e-03 9.3498e+02 2.2284e+01 2.6893e-02 1.3301e+01 8.9559e+00  0.0000e+00  9.4346e+02
