  #     beta     phi_d     phi_m   phi_m_small     phi_m_smoomth_x     phi_m_smoomth_y     phi_m_smoomth_z      phi
   1 1.0813e+03 3.1873e+04 2.2376e+00 5.0720e-02 1.4326e+00 7.5421e-01  0.0000e+00  1.4242e+05
   2 1.0813e+03 1.1797e+04 6.8506e+00 2.1168e-01 4.4545e+00 2.1844e+00  0.0000e+00  3.4610e+04
   3 1.0813e+03 8.3918e+03 8.0732e+00 2.6499e-01 5.1724e+00 2.6357e+00  0.0000e+00  1.9780e+04
   4 2.1625e+02 6.1611e+03 1.0946e+01 3.3622e-01 6.9330e+00 3.6772e+00  0.0000e+00  1.0133e+04
   5 2.1625e+02 5.8471e+03 1.0883e+01 3.4583e-01 6.7248e+00 3.8120e+00  0.0000e+00  8.5128e+03
   6 2.1625e+02 5.5419e+03 1.1314e+01 3.5799e-01 6.9347e+00 4.0217e+00  0.0000e+00  8.1871e+03
   7 4.3250e+01 5.0109e+03 1.3187e+01 3.8756e-01 7.8428e+00 4.9565e+00  0.0000e+00  6.0399e+03
   8 4.3250e+01 4.7060e+03 1.2685e+01 3.7593e-01 7.4211e+00 4.8879e+00  0.0000e+00  5.5318e+03
   9 4.3250e+01 4.5731e+03 1.3142e+01 3.8237e-01 7.6292e+00 5.1304e+00  0.0000e+00  5.2585e+03
  10 8.6501e+00 4.3515e+03 1.4094e+01 3.8663e-01 8.1563e+00 5.5512e+00  0.0000e+00  4.6852e+03
  11 8.6501e+00 4.1630e+03 1.5139e+01 4.0512e-01 8.5681e+00 6.1660e+00  0.0000e+00  4.4733e+03
  12 8.6501e+00 4.0482e+03 1.5541e+01 3.9680e-01 8.7869e+00 6.3574e+00  0.0000e+00  4.2918e+03
  13 1.7300e+00 3.5669e+03 1.5893e+01 3.9263e-01 8.9548e+00 6.5458e+00  0.0000e+00  4.0753e+03
  14 1.7300e+00 3.3379e+03 1.8214e+01 4.2566e-01 1.0268e+01 7.5207e+00  0.0000e+00  3.5958e+03
  15 1.7300e+00 3.1837e+03 1.9998e+01 4.3987e-01 1.1182e+01 8.3758e+00  0.0000e+00  3.3698e+03
  16 3.4600e-01 3.1043e+03 2.0353e+01 4.4314e-01 1.1410e+01 8.5001e+00  0.0000e+00  3.1906e+03
  17 3.4600e-01 2.8636e+03 2.4618e+01 4.8232e-01 1.3840e+01 1.0296e+01  0.0000e+00  3.1115e+03
  18 3.4600e-01 2.7224e+03 2.5843e+01 5.0245e-01 1.4652e+01 1.0689e+01  0.0000e+00  2.8725e+03
  19 6.9201e-02 2.3243e+03 3.3166e+01 5.5111e-01 1.9291e+01 1.3323e+01  0.0000e+00  2.7242e+03
  20 6.9201e-02 2.1430e+03 3.4290e+01 5.6650e-01 1.9843e+01 1.3880e+01  0.0000e+00  2.3267e+03
  21 6.9201e-02 1.7017e+03 4.3204e+01 6.3290e-01 2.5490e+01 1.7082e+01  0.0000e+00  2.1454e+03
  22 1.3840e-02 1.6155e+03 4.4037e+01 6.3521e-01 2.5839e+01 1.7562e+01  0.0000e+00  1.7023e+03
  23 1.3840e-02 1.5272e+03 4.4352e+01 6.4457e-01 2.5998e+01 1.7709e+01  0.0000e+00  1.6161e+03
  24 1.3840e-02 1.4795e+03 4.5320e+01 6.3864e-01 2.6598e+01 1.8084e+01  0.0000e+00  1.5278e+03
  25 2.7680e-03 1.4095e+03 4.7383e+01 6.5579e-01 2.7753e+01 1.8974e+01  0.0000e+00  1.4796e+03
