  #     beta     phi_d     phi_m   phi_m_small     phi_m_smoomth_x     phi_m_smoomth_y     phi_m_smoomth_z      phi
   1 1.0862e+02 4.7286e+02 1.7360e+01 3.6959e-03 1.1067e+01 6.2884e+00  0.0000e+00  3.2504e+03
   2 1.0862e+02 5.4368e+02 1.4297e+01 8.2090e-03 9.0938e+00 5.1948e+00  0.0000e+00  2.7479e+03
   3 1.0862e+02 7.0482e+02 1.1555e+01 2.7402e-02 7.3298e+00 4.1982e+00  0.0000e+00  2.4963e+03
   4 2.1723e+01 4.4082e+02 1.8855e+01 1.7717e-02 1.2486e+01 6.3507e+00  0.0000e+00  1.0174e+03
   5 2.1723e+01 3.9600e+02 1.7751e+01 1.4917e-02 1.1539e+01 6.1974e+00  0.0000e+00  8.0869e+02
   6 2.1723e+01 3.8014e+02 1.6904e+01 1.4457e-02 1.0980e+01 5.9104e+00  0.0000e+00  7.5974e+02
   7 4.3447e+00 3.2964e+02 1.9201e+01 1.2988e-02 1.2544e+01 6.6441e+00  0.0000e+00  4.5357e+02
   8 4.3447e+00 2.8812e+02 1.8911e+01 1.2314e-02 1.2381e+01 6.5179e+00  0.0000e+00  4.0591e+02
   9 4.3447e+00 2.7291e+02 1.9577e+01 1.2977e-02 1.2829e+01 6.7351e+00  0.0000e+00  3.7135e+02
